3377542
1 3 : 22606.000000
1 : 844580.000000
1 1 : 353543.000000
1 1 1 : 188954.000000
1 7 : 25515.000000
1 4 : 24429.000000
1 11 : 26174.000000
1 1 1 1 1 1 1 1 1 1 : 15866.000000
1 10 : 17670.000000
1 1 2 : 18299.000000
1 14 : 33142.000000
1 1 18 : 80329.000000
1 18 : 178726.000000
1 1 1 1 18 : 25801.000000
1 1 1 18 : 41635.000000
1 1 1 1 1 1 18 : 11418.000000
1 1 1 1 1 18 : 16576.000000
1 1 1 1 1 : 79825.000000
1 1 1 1 1 1 : 55855.000000
1 6 : 27772.000000
1 1 12 : 11887.000000
1 12 : 37762.000000
1 1 1 1 1 1 1 1 1 1 1 : 11746.000000
1 2 : 68224.000000
1 1 1 1 1 1 1 : 39908.000000
1 1 1 1 1 1 1 1 : 29097.000000
1 1 1 1 1 1 1 1 1 : 21415.000000
1 1 1 1 : 119122.000000
5 : 100611.000000
2 2 2 18 : 21900.000000
2 2 2 2 : 65249.000000
5 5 5 5 5 5 5 5 5 5 : 15216.000000
6 7 7 : 23160.000000
12 12 18 : 25131.000000
11 18 : 22462.000000
11 1 : 17968.000000
12 1 : 23818.000000
12 12 : 109229.000000
12 18 : 65650.000000
14 14 14 14 14 18 : 14263.000000
14 14 14 14 14 14 : 52371.000000
1 2 1 : 22876.000000
13 13 18 : 29657.000000
13 13 13 : 66713.000000
17 : 15137.000000
8 18 : 73171.000000
8 8 : 304051.000000
2 2 18 : 40711.000000
8 8 8 8 8 8 8 8 18 : 12059.000000
8 8 8 8 8 8 8 8 8 : 47174.000000
12 12 12 : 65716.000000
6 6 18 : 32211.000000
6 6 6 : 62952.000000
6 6 6 6 6 : 25132.000000
5 5 5 5 : 48700.000000
4 4 : 173557.000000
4 1 : 18287.000000
4 7 : 15722.000000
4 18 : 69896.000000
7 4 4 : 11581.000000
4 4 4 4 4 4 : 58359.000000
14 14 14 14 14 14 14 14 14 : 20374.000000
3 3 3 3 3 : 11199.000000
12 12 12 12 12 12 : 24334.000000
4 4 4 4 4 4 4 : 47837.000000
2 : 405153.000000
1 7 7 1 : 11359.000000
6 6 6 18 : 13728.000000
6 6 6 6 : 38219.000000
15 15 : 10031.000000
15 18 : 11658.000000
12 12 12 18 : 13487.000000
12 12 12 12 : 44513.000000
1 7 7 : 16415.000000
8 8 8 8 8 : 144041.000000
6 : 384560.000000
12 12 12 12 12 12 12 12 12 : 12135.000000
6 15 : 11068.000000
1 2 2 2 : 14356.000000
10 : 108870.000000
11 11 : 26451.000000
11 11 11 : 12377.000000
7 7 7 7 : 51508.000000
7 7 7 6 : 13122.000000
14 : 355464.000000
9 9 9 9 : 20253.000000
14 14 14 14 14 14 14 14 : 27772.000000
18 : 989818.000000
7 1 : 21467.000000
7 4 : 25627.000000
7 6 : 27523.000000
12 12 12 12 12 : 32242.000000
10 10 10 10 : 20547.000000
5 5 5 5 5 : 40439.000000
9 : 187408.000000
14 14 14 : 148523.000000
8 8 8 8 8 18 : 27774.000000
8 8 8 8 8 8 : 108620.000000
7 18 : 15019.000000
7 7 : 137169.000000
4 4 4 4 4 4 4 4 4 : 32343.000000
2 2 2 2 2 2 2 : 17397.000000
5 5 5 : 59067.000000
3 1 : 15270.000000
3 3 : 64289.000000
3 18 : 79691.000000
5 5 5 5 5 5 : 33698.000000
9 9 18 : 19494.000000
6 6 6 6 6 6 : 17363.000000
13 13 13 13 13 13 13 : 10508.000000
8 8 8 8 8 8 8 8 8 8 8 : 26796.000000
3 : 194541.000000
1 2 2 : 27198.000000
6 7 7 7 6 : 10456.000000
8 8 18 : 49782.000000
8 8 8 : 236463.000000
8 8 8 8 8 8 8 8 8 8 : 35616.000000
3 3 3 3 : 18388.000000
14 1 : 22845.000000
14 14 : 220353.000000
14 18 : 80968.000000
1 12 1 : 13410.000000
7 : 250698.000000
2 1 1 : 12526.000000
14 14 14 14 14 14 18 : 10202.000000
14 14 14 14 14 14 14 : 38053.000000
7 7 7 : 81915.000000
7 7 6 : 17975.000000
7 7 1 : 16350.000000
1 11 1 : 13462.000000
14 14 18 : 46843.000000
14 14 1 : 10608.000000
1 6 6 : 13178.000000
11 : 88316.000000
5 5 5 5 5 5 5 5 5 5 5 : 11941.000000
10 18 : 23192.000000
10 10 : 51532.000000
10 1 : 10688.000000
2 2 2 : 108488.000000
15 : 48914.000000
14 14 14 14 18 : 20429.000000
14 14 14 14 14 : 72952.000000
8 8 8 8 8 8 8 18 : 15404.000000
13 : 208319.000000
4 4 4 4 4 4 4 4 4 4 4 : 21326.000000
4 4 4 4 4 4 4 4 4 4 : 26424.000000
4 : 320356.000000
14 14 14 14 14 14 14 14 14 14 14 : 10854.000000
5 5 5 5 5 5 5 5 5 : 18922.000000
6 6 : 124341.000000
6 7 : 34780.000000
6 1 : 15692.000000
6 18 : 145607.000000
1 14 14 14 : 12089.000000
4 4 4 18 : 17511.000000
4 4 4 4 : 90829.000000
10 10 10 10 10 : 13725.000000
7 7 7 7 7 7 : 28177.000000
4 4 4 : 120288.000000
12 12 12 12 12 12 12 12 : 15025.000000
13 13 13 18 : 17168.000000
13 13 13 13 : 40279.000000
2 2 : 192202.000000
2 1 : 39918.000000
2 3 : 10077.000000
2 18 : 97991.000000
4 4 4 4 4 4 4 4 4 4 4 4 4 : 12828.000000
1 4 1 : 10336.000000
7 7 7 7 7 7 7 7 : 16777.000000
7 7 7 7 7 7 7 : 21845.000000
8 8 8 8 18 : 32643.000000
8 8 8 8 8 8 8 8 8 8 8 8 8 8 : 10760.000000
4 4 18 : 29701.000000
2 2 1 : 11021.000000
5 5 5 5 5 5 5 : 28018.000000
14 14 14 14 14 14 14 14 14 14 : 14914.000000
14 14 14 18 : 30391.000000
14 14 14 14 : 102815.000000
8 : 409561.000000
13 13 : 113441.000000
13 18 : 55980.000000
9 9 9 9 9 : 11603.000000
12 : 236130.000000
2 2 2 2 18 : 12738.000000
2 2 2 2 2 : 40703.000000
1 14 14 : 18291.000000
13 13 13 13 13 : 25079.000000
8 8 8 8 8 8 8 : 81777.000000
8 8 8 8 8 8 18 : 21138.000000
6 7 7 7 : 17887.000000
2 2 2 2 2 2 : 26346.000000
3 3 3 : 32415.000000
3 3 18 : 19254.000000
4 4 4 4 4 4 4 4 : 39325.000000
9 18 : 52256.000000
9 9 : 76098.000000
8 8 8 8 8 8 8 8 8 8 8 8 8 : 14857.000000
13 14 : 17306.000000
7 7 7 7 7 7 7 7 7 : 12735.000000
13 13 13 13 13 13 : 16032.000000
1 12 12 : 13188.000000
8 8 8 18 : 38588.000000
8 8 8 8 : 186029.000000
12 12 12 12 12 12 12 : 18914.000000
8 8 8 8 8 8 8 8 8 8 8 8 : 20095.000000
9 9 9 : 37959.000000
10 10 10 : 31590.000000
7 7 7 7 7 : 36552.000000
2 2 2 2 2 2 2 2 : 11707.000000
8 8 8 8 8 8 8 8 : 62280.000000
5 5 : 73068.000000
5 18 : 13093.000000
6 6 6 6 6 6 6 : 12411.000000
4 4 4 4 4 4 4 4 4 4 4 4 : 16836.000000
5 5 5 5 5 5 5 5 : 23155.000000
4 4 4 4 18 : 11762.000000
4 4 4 4 4 : 72129.000000
