1945
1 : 55718.000000
2 : 53918.000000
3 : 51935.000000
4 : 50289.000000
5 : 0.000000
1 1 : 17568.390930
1 2 : 12025.919137
1 3 : 10006.347685
1 4 : 14176.268762
1 5 : 1941.073487
2 1 : 10072.255468
2 2 : 15894.028026
2 3 : 12400.883987
2 4 : 13637.106062
2 5 : 1913.726457
3 1 : 14142.229388
3 2 : 14305.046017
3 3 : 15303.049159
3 4 : 6528.201652
3 5 : 1656.473785
4 1 : 12166.038847
4 2 : 9775.946809
4 3 : 12494.306832
4 4 : 14241.376040
4 5 : 1611.331472
1 1 1 : 6534.037546
1 1 2 : 3999.773362
1 1 3 : 2718.064962
1 1 4 : 3952.262521
1 1 5 : 364.252538
1 2 1 : 2934.272850
1 2 2 : 3640.835383
1 2 3 : 2397.777945
1 2 4 : 2640.719825
1 2 5 : 412.313134
1 3 1 : 3276.320978
1 3 2 : 2923.746361
1 3 3 : 2364.562224
1 3 4 : 1066.539803
1 3 5 : 375.178318
1 4 1 : 3703.149586
1 4 2 : 2883.348904
1 4 3 : 3316.550580
1 4 4 : 3776.712958
1 4 5 : 496.506733
2 1 1 : 3276.961359
2 1 2 : 2717.943019
2 1 3 : 1775.523056
2 1 4 : 1964.061443
2 1 5 : 337.766591
2 2 1 : 3046.239776
2 2 2 : 5537.959457
2 2 3 : 3594.485404
2 2 4 : 3205.901885
2 2 5 : 509.441504
2 3 1 : 3092.747957
2 3 2 : 3731.283465
2 3 3 : 3756.319272
2 3 4 : 1232.480675
2 3 5 : 588.052618
2 4 1 : 3285.088991
2 4 2 : 3108.469026
2 4 3 : 3137.157266
2 4 4 : 3616.640362
2 4 5 : 489.750417
3 1 1 : 3424.407087
3 1 2 : 2898.245372
3 1 3 : 3112.239375
3 1 4 : 4208.560050
3 1 5 : 498.777505
3 2 1 : 2187.680166
3 2 2 : 3528.621588
3 2 3 : 3926.896615
3 2 4 : 4193.992391
3 2 5 : 467.855256
3 3 1 : 3804.633148
3 3 2 : 4088.838961
3 3 3 : 4889.400108
3 3 4 : 2061.300969
3 3 5 : 458.875972
3 4 1 : 1128.389176
3 4 2 : 1150.052216
3 4 3 : 2219.429995
3 4 4 : 1821.157348
3 4 5 : 209.172916
4 1 1 : 3725.874741
4 1 2 : 2261.761645
4 1 3 : 2042.592182
4 1 4 : 3748.363376
4 1 5 : 387.446904
4 2 1 : 1727.586152
4 2 2 : 2404.095031
4 2 3 : 2115.113524
4 2 4 : 2963.722882
4 2 5 : 565.429221
4 3 1 : 3151.665966
4 3 2 : 3186.061992
4 3 3 : 3651.517023
4 3 4 : 2100.052170
4 3 5 : 405.009682
4 4 1 : 3562.354906
4 4 2 : 2363.824674
4 4 3 : 3623.679918
4 4 4 : 4182.744788
4 4 5 : 508.771753
1 1 1 1 : 2361.600649
1 1 1 2 : 1674.448963
1 1 1 3 : 948.130000
1 1 1 4 : 1414.385097
1 1 1 5 : 135.472837
1 1 2 1 : 1130.807318
1 1 2 2 : 1105.436047
1 1 2 3 : 719.423325
1 1 2 4 : 906.972947
1 1 2 5 : 137.133725
1 1 3 1 : 725.460474
1 1 3 2 : 906.740937
1 1 3 3 : 694.243788
1 1 3 4 : 289.708549
1 1 3 5 : 101.911214
1 1 4 1 : 1018.620714
1 1 4 2 : 898.603437
1 1 4 3 : 810.663683
1 1 4 4 : 1085.951453
1 1 4 5 : 138.423233
1 2 1 1 : 1029.211079
1 2 1 2 : 770.444895
1 2 1 3 : 555.898370
1 2 1 4 : 480.319558
1 2 1 5 : 98.398947
1 2 2 1 : 848.160841
1 2 2 2 : 1443.302967
1 2 2 3 : 710.770134
1 2 2 4 : 521.903984
1 2 2 5 : 116.697457
1 2 3 1 : 795.308514
1 2 3 2 : 526.531157
1 2 3 3 : 723.928322
1 2 3 4 : 238.306800
1 2 3 5 : 113.703152
1 2 4 1 : 726.968431
1 2 4 2 : 630.290864
1 2 4 3 : 482.894147
1 2 4 4 : 705.730012
1 2 4 5 : 94.836370
1 3 1 1 : 939.309233
1 3 1 2 : 625.732784
1 3 1 3 : 708.272562
1 3 1 4 : 887.454943
1 3 1 5 : 115.551456
1 3 2 1 : 541.367123
1 3 2 2 : 918.207030
1 3 2 3 : 645.118230
1 3 2 4 : 723.431070
1 3 2 5 : 95.622908
1 3 3 1 : 624.302675
1 3 3 2 : 673.023473
1 3 3 3 : 677.829028
1 3 3 4 : 318.503479
1 3 3 5 : 70.903568
1 3 4 1 : 184.349693
1 3 4 2 : 187.888875
1 3 4 3 : 362.597627
1 3 4 4 : 297.530147
1 3 4 5 : 34.173460
1 4 1 1 : 1056.463483
1 4 1 2 : 711.321583
1 4 1 3 : 657.592393
1 4 1 4 : 1159.839425
1 4 1 5 : 117.932703
1 4 2 1 : 665.586216
1 4 2 2 : 682.687812
1 4 2 3 : 608.776552
1 4 2 4 : 759.528829
1 4 2 5 : 166.769496
1 4 3 1 : 855.135136
1 4 3 2 : 804.792768
1 4 3 3 : 1091.228878
1 4 3 4 : 457.886025
1 4 3 5 : 107.507772
1 4 4 1 : 903.521838
1 4 4 2 : 657.551133
1 4 4 3 : 991.120122
1 4 4 4 : 1089.597167
1 4 4 5 : 134.922698
2 1 1 1 : 1267.005980
2 1 1 2 : 949.814288
2 1 1 3 : 471.142974
2 1 1 4 : 521.055555
2 1 1 5 : 67.942562
2 1 2 1 : 709.073493
2 1 2 2 : 917.151716
2 1 2 3 : 501.849651
2 1 2 4 : 496.682467
2 1 2 5 : 93.185693
2 1 3 1 : 587.815604
2 1 3 2 : 330.554989
2 1 3 3 : 330.306385
2 1 3 4 : 460.274560
2 1 3 5 : 66.571518
2 1 4 1 : 612.751905
2 1 4 2 : 403.281337
2 1 4 3 : 377.330118
2 1 4 4 : 501.909198
2 1 4 5 : 68.788886
2 2 1 1 : 947.910253
2 2 1 2 : 823.700450
2 2 1 3 : 572.919814
2 2 1 4 : 599.555573
2 2 1 5 : 102.153686
2 2 2 1 : 1047.912405
2 2 2 2 : 1973.917128
2 2 2 3 : 1293.268204
2 2 2 4 : 1045.356911
2 2 2 5 : 177.504808
2 2 3 1 : 851.629930
2 2 3 2 : 1120.906982
2 2 3 3 : 1094.253825
2 2 3 4 : 357.243387
2 2 3 5 : 170.451280
2 2 4 1 : 776.524832
2 2 4 2 : 845.962384
2 2 4 3 : 645.669023
2 2 4 4 : 822.611849
2 2 4 5 : 115.133796
2 3 1 1 : 566.168586
2 3 1 2 : 693.515521
2 3 1 3 : 721.173492
2 3 1 4 : 1002.813275
2 3 1 5 : 109.077082
2 3 2 1 : 589.817175
2 3 2 2 : 1092.390920
2 3 2 3 : 1032.921951
2 3 2 4 : 894.119517
2 3 2 5 : 122.033902
2 3 3 1 : 895.538389
2 3 3 2 : 1069.352435
2 3 3 3 : 1172.820411
2 3 3 4 : 505.971358
2 3 3 5 : 112.636680
2 3 4 1 : 338.933040
2 3 4 2 : 217.122143
2 3 4 3 : 293.112759
2 3 4 4 : 343.822289
2 3 4 5 : 39.490443
2 4 1 1 : 1030.269250
2 4 1 2 : 589.755289
2 4 1 3 : 634.681213
2 4 1 4 : 925.764344
2 4 1 5 : 104.618896
2 4 2 1 : 493.981939
2 4 2 2 : 766.244999
2 4 2 3 : 563.542909
2 4 2 4 : 1104.909000
2 4 2 5 : 179.790178
2 4 3 1 : 859.377698
2 4 3 2 : 774.161995
2 4 3 3 : 1067.428878
2 4 3 4 : 334.496054
2 4 3 5 : 101.692641
2 4 4 1 : 780.858835
2 4 4 2 : 731.480124
2 4 4 3 : 882.772166
2 4 4 4 : 1092.325117
2 4 4 5 : 129.204120
3 1 1 1 : 1235.449646
3 1 1 2 : 637.903654
3 1 1 3 : 648.842586
3 1 1 4 : 831.211588
3 1 1 5 : 70.999614
3 1 2 1 : 582.995808
3 1 2 2 : 857.302356
3 1 2 3 : 635.617718
3 1 2 4 : 722.962064
3 1 2 5 : 99.367426
3 1 3 1 : 902.411438
3 1 3 2 : 881.406686
3 1 3 3 : 880.008698
3 1 3 4 : 331.722150
3 1 3 5 : 116.690402
3 1 4 1 : 859.780632
3 1 4 2 : 800.356666
3 1 4 3 : 1121.246285
3 1 4 4 : 1279.776721
3 1 4 5 : 147.399745
3 2 1 1 : 649.812323
3 2 1 2 : 419.518608
3 2 1 3 : 517.337060
3 2 1 4 : 527.649731
3 2 1 5 : 73.362443
3 2 2 1 : 405.406392
3 2 2 2 : 1284.070368
3 2 2 3 : 1003.459799
3 2 2 4 : 722.584291
3 2 2 5 : 113.100737
3 2 3 1 : 878.144203
3 2 3 2 : 1176.293848
3 2 3 3 : 1269.818617
3 2 3 4 : 416.425655
3 2 3 5 : 186.214292
3 2 4 1 : 949.173270
3 2 4 2 : 887.432485
3 2 4 3 : 1014.978860
3 2 4 4 : 1191.788612
3 2 4 5 : 150.619165
3 3 1 1 : 822.462812
3 3 1 2 : 804.820039
3 3 1 3 : 881.881458
3 3 1 4 : 1161.284520
3 3 1 5 : 134.184320
3 3 2 1 : 664.542098
3 3 2 2 : 907.501122
3 3 2 3 : 1214.336051
3 3 2 4 : 1168.731717
3 3 2 5 : 133.727972
3 3 3 1 : 1425.314925
3 3 3 2 : 1173.509864
3 3 3 3 : 1427.022429
3 3 3 4 : 716.939741
3 3 3 5 : 146.613149
3 3 4 1 : 291.512732
3 3 4 2 : 363.132739
3 3 4 3 : 708.425757
3 3 4 4 : 632.182711
3 3 4 5 : 66.047031
3 4 1 1 : 193.883530
3 4 1 2 : 341.858038
3 4 1 3 : 141.222609
3 4 1 4 : 408.562948
3 4 1 5 : 42.862052
3 4 2 1 : 38.783739
3 4 2 2 : 263.032405
3 4 2 3 : 393.237313
3 4 2 4 : 427.275746
3 4 2 5 : 27.723012
3 4 3 1 : 349.999712
3 4 3 2 : 435.294033
3 4 3 3 : 752.240373
3 4 3 4 : 609.951860
3 4 3 5 : 71.944018
3 4 4 1 : 376.460476
3 4 4 2 : 288.058513
3 4 4 3 : 527.393849
3 4 4 4 : 564.183843
3 4 4 5 : 65.060666
4 1 1 1 : 1431.302049
4 1 1 2 : 865.692948
4 1 1 3 : 462.774073
4 1 1 4 : 888.855605
4 1 1 5 : 77.250064
4 1 2 1 : 438.151550
4 1 2 2 : 582.421650
4 1 2 3 : 567.401443
4 1 2 4 : 596.241659
4 1 2 5 : 77.545344
4 1 3 1 : 584.819658
4 1 3 2 : 581.161847
4 1 3 3 : 582.313270
4 1 3 4 : 217.712389
4 1 3 5 : 76.585016
4 1 4 1 : 1142.395882
4 1 4 2 : 687.183829
4 1 4 3 : 690.065768
4 1 4 4 : 1097.435986
4 1 4 5 : 131.281911
4 2 1 1 : 468.906676
4 2 1 2 : 428.126846
4 2 1 3 : 337.686592
4 2 1 4 : 434.932551
4 2 1 5 : 57.933487
4 2 2 1 : 519.938364
4 2 2 2 : 707.161602
4 2 2 3 : 489.323845
4 2 2 4 : 610.614241
4 2 2 5 : 77.056979
4 2 3 1 : 504.357211
4 2 3 2 : 697.091678
4 2 3 3 : 603.151723
4 2 3 4 : 210.213767
4 2 3 5 : 100.299144
4 2 4 1 : 670.664300
4 2 4 2 : 718.325161
4 2 4 3 : 608.116893
4 2 4 4 : 860.180124
4 2 4 5 : 106.436403
4 3 1 1 : 751.054302
4 3 1 2 : 634.314221
4 3 1 3 : 576.560351
4 3 1 4 : 1078.582051
4 3 1 5 : 111.155041
4 3 2 1 : 470.438997
4 3 2 2 : 708.615473
4 3 2 3 : 818.230549
4 3 2 4 : 1084.574872
4 3 2 5 : 104.202101
4 3 3 1 : 851.878228
4 3 3 2 : 930.096405
4 3 3 3 : 1207.924683
4 3 3 4 : 552.123619
4 3 3 5 : 109.494089
4 3 4 1 : 316.886894
4 3 4 2 : 334.101922
4 3 4 3 : 796.740330
4 3 4 4 : 585.034349
4 3 4 5 : 67.288675
4 4 1 1 : 1094.752550
4 4 1 2 : 589.293230
4 4 1 3 : 403.966666
4 4 1 4 : 1360.893588
4 4 1 5 : 113.448872
4 4 2 1 : 364.958681
4 4 2 2 : 476.760621
4 4 2 3 : 534.714456
4 4 2 4 : 850.670088
4 4 2 5 : 136.720828
4 4 3 1 : 1202.251759
4 4 3 2 : 1216.673485
4 4 3 3 : 433.445910
4 4 3 4 : 653.845230
4 4 3 5 : 117.463535
4 4 4 1 : 1308.850743
4 4 4 2 : 753.958134
4 4 4 3 : 901.873059
4 4 4 4 : 1068.634707
4 4 4 5 : 149.428145
1 1 1 1 1 : 992.570712
1 1 1 1 2 : 552.700029
1 1 1 1 3 : 305.459581
1 1 1 1 4 : 461.906308
1 1 1 1 5 : 48.964019
1 1 1 2 1 : 502.164332
1 1 1 2 2 : 459.990911
1 1 1 2 3 : 301.176475
1 1 1 2 4 : 353.708137
1 1 1 2 5 : 57.409109
1 1 1 3 1 : 253.059014
1 1 1 3 2 : 316.294237
1 1 1 3 3 : 242.169842
1 1 1 3 4 : 101.057690
1 1 1 3 5 : 35.549216
1 1 1 4 1 : 425.656681
1 1 1 4 2 : 321.580690
1 1 1 4 3 : 290.109937
1 1 1 4 4 : 327.500655
1 1 1 4 5 : 49.537134
1 1 2 1 1 : 378.936795
1 1 2 1 2 : 296.913331
1 1 2 1 3 : 231.931197
1 1 2 1 4 : 185.105101
1 1 2 1 5 : 37.920894
1 1 2 3 1 : 236.663683
1 1 2 3 2 : 121.394695
1 1 2 3 3 : 245.961335
1 1 2 3 4 : 86.108591
1 1 2 3 5 : 29.295021
1 1 2 4 1 : 223.636753
1 1 2 4 2 : 178.893237
1 1 2 4 3 : 196.188348
1 1 2 4 4 : 138.456655
1 1 2 4 5 : 169.797955
1 1 3 1 1 : 175.637509
1 1 3 1 2 : 163.058256
1 1 3 1 3 : 159.630761
1 1 3 1 4 : 130.753057
1 1 3 1 5 : 96.380891
1 1 3 2 1 : 108.871319
1 1 3 2 2 : 310.017280
1 1 3 2 3 : 254.886604
1 1 3 2 4 : 227.581527
1 1 3 2 5 : 5.384207
1 1 3 3 1 : 223.790549
1 1 3 3 2 : 130.859249
1 1 3 3 3 : 320.249372
1 1 3 3 4 : 15.537479
1 1 3 3 5 : 3.807139
1 1 4 1 1 : 333.262293
1 1 4 1 2 : 172.395935
1 1 4 1 3 : 249.712354
1 1 4 1 4 : 263.250133
1 1 4 1 5 : 0.000000
1 1 4 2 1 : 175.754858
1 1 4 2 2 : 230.227831
1 1 4 2 3 : 110.987200
1 1 4 2 4 : 251.259263
1 1 4 2 5 : 130.374285
1 1 4 3 1 : 295.427497
1 1 4 3 2 : 154.016744
1 1 4 3 3 : 229.844195
1 1 4 3 4 : 114.257087
1 1 4 3 5 : 17.118160
1 1 4 4 1 : 289.066261
1 1 4 4 2 : 249.279575
1 1 4 4 3 : 239.545046
1 1 4 4 4 : 308.060572
1 1 4 4 5 : 0.000000
1 2 1 1 1 : 397.934687
1 2 1 1 2 : 298.312760
1 2 1 1 3 : 147.974149
1 2 1 1 4 : 163.650434
1 2 1 1 5 : 21.339049
1 2 1 2 1 : 129.353181
1 2 1 2 2 : 234.359393
1 2 1 2 3 : 217.672262
1 2 1 2 4 : 131.072793
1 2 1 2 5 : 57.987266
1 2 1 3 1 : 177.887814
1 2 1 3 2 : 191.530930
1 2 1 3 3 : 186.479627
1 2 1 3 4 : 0.000000
1 2 1 3 5 : 0.000000
1 2 1 4 1 : 43.500209
1 2 1 4 2 : 129.673372
1 2 1 4 3 : 199.673863
1 2 1 4 4 : 98.133017
1 2 1 4 5 : 9.339097
1 2 2 1 1 : 412.032385
1 2 2 1 2 : 227.379454
1 2 2 1 3 : 49.352775
1 2 2 1 4 : 159.396227
1 2 2 1 5 : 0.000000
1 2 2 2 1 : 273.106926
1 2 2 2 2 : 436.524164
1 2 2 2 3 : 345.142032
1 2 2 2 4 : 342.268542
1 2 2 2 5 : 46.261302
1 2 2 3 1 : 281.913645
1 2 2 3 2 : 181.176641
1 2 2 3 3 : 247.679848
1 2 2 3 4 : 0.000000
1 2 2 3 5 : 0.000000
1 2 2 4 1 : 118.114479
1 2 2 4 2 : 52.084555
1 2 2 4 3 : 226.479591
1 2 2 4 4 : 60.179909
1 2 2 4 5 : 65.045450
1 2 3 1 1 : 132.673350
1 2 3 1 2 : 136.411300
1 2 3 1 3 : 150.664204
1 2 3 1 4 : 329.495353
1 2 3 1 5 : 46.064306
1 2 3 2 1 : 0.000000
1 2 3 2 2 : 120.910566
1 2 3 2 3 : 102.584002
1 2 3 2 4 : 296.702238
1 2 3 2 5 : 6.334350
1 2 3 3 1 : 157.736256
1 2 3 3 2 : 205.350762
1 2 3 3 3 : 213.869088
1 2 3 3 4 : 146.972216
1 2 3 3 5 : 0.000000
1 2 4 1 1 : 150.124373
1 2 4 1 2 : 161.786285
1 2 4 1 3 : 170.045939
1 2 4 1 4 : 190.952080
1 2 4 1 5 : 54.059753
1 2 4 2 1 : 124.201814
1 2 4 2 2 : 215.630697
1 2 4 2 3 : 92.203081
1 2 4 2 4 : 184.841072
1 2 4 2 5 : 13.414200
1 2 4 3 1 : 106.673627
1 2 4 3 2 : 121.387716
1 2 4 3 3 : 104.304175
1 2 4 3 4 : 135.412686
1 2 4 3 5 : 15.115943
1 2 4 4 1 : 117.401149
1 2 4 4 2 : 195.848469
1 2 4 4 3 : 209.391958
1 2 4 4 4 : 139.758351
1 2 4 4 5 : 43.330085
1 3 1 1 1 : 332.771112
1 3 1 1 2 : 395.903385
1 3 1 1 3 : 102.246014
1 3 1 1 4 : 108.388722
1 3 1 1 5 : 0.000000
1 3 1 2 1 : 113.915993
1 3 1 2 2 : 297.683412
1 3 1 2 3 : 146.621226
1 3 1 2 4 : 67.512152
1 3 1 2 5 : 0.000000
1 3 1 3 1 : 202.944937
1 3 1 3 2 : 118.112138
1 3 1 3 3 : 156.151121
1 3 1 3 4 : 231.064367
1 3 1 3 5 : 0.000000
1 3 1 4 1 : 400.301315
1 3 1 4 2 : 112.515317
1 3 1 4 3 : 173.136588
1 3 1 4 4 : 201.501723
1 3 1 4 5 : 0.000000
1 3 2 1 1 : 179.553454
1 3 2 1 2 : 122.857960
1 3 2 1 3 : 167.601954
1 3 2 1 4 : 57.340564
1 3 2 1 5 : 14.013191
1 3 2 2 1 : 145.819342
1 3 2 2 2 : 315.259062
1 3 2 2 3 : 299.367277
1 3 2 2 4 : 157.761349
1 3 2 2 5 : 0.000000
1 3 2 3 1 : 178.843778
1 3 2 3 2 : 149.612572
1 3 2 3 3 : 143.278333
1 3 2 3 4 : 136.453257
1 3 2 3 5 : 36.930291
1 3 2 4 1 : 214.588563
1 3 2 4 2 : 79.924090
1 3 2 4 3 : 202.219768
1 3 2 4 4 : 226.698649
1 3 2 4 5 : 0.000000
1 3 3 1 1 : 82.578936
1 3 3 1 2 : 237.198468
1 3 3 1 3 : 75.436971
1 3 3 1 4 : 181.179720
1 3 3 1 5 : 47.908580
1 3 3 2 1 : 179.960431
1 3 3 2 2 : 112.716566
1 3 3 2 3 : 168.810978
1 3 3 2 4 : 193.442328
1 3 3 2 5 : 18.093171
1 3 3 3 1 : 136.229139
1 3 3 3 2 : 135.049658
1 3 3 3 3 : 199.553088
1 3 3 3 4 : 79.494925
1 3 3 3 5 : 127.502218
1 3 4 3 1 : 0.000000
1 3 4 3 2 : 174.810499
1 3 4 3 3 : 25.498276
1 3 4 3 4 : 0.000000
1 3 4 3 5 : 162.288852
1 4 1 1 1 : 405.842508
1 4 1 1 2 : 245.465307
1 4 1 1 3 : 131.218558
1 4 1 1 4 : 252.033027
1 4 1 1 5 : 21.904084
1 4 1 2 1 : 66.851102
1 4 1 2 2 : 210.378389
1 4 1 2 3 : 216.120326
1 4 1 2 4 : 217.971765
1 4 1 2 5 : 0.000000
1 4 1 3 1 : 222.831327
1 4 1 3 2 : 84.337314
1 4 1 3 3 : 141.240585
1 4 1 3 4 : 52.752751
1 4 1 3 5 : 156.430416
1 4 1 4 1 : 298.262076
1 4 1 4 2 : 212.632239
1 4 1 4 3 : 213.523985
1 4 1 4 4 : 225.076752
1 4 1 4 5 : 210.344373
1 4 2 1 1 : 206.911975
1 4 2 1 2 : 232.633826
1 4 2 1 3 : 71.442697
1 4 2 1 4 : 138.480387
1 4 2 1 5 : 16.117332
1 4 2 2 1 : 68.993579
1 4 2 2 2 : 279.191352
1 4 2 2 3 : 125.423195
1 4 2 2 4 : 169.259810
1 4 2 2 5 : 39.819876
1 4 2 3 1 : 155.867806
1 4 2 3 2 : 213.167386
1 4 2 3 3 : 150.613758
1 4 2 3 4 : 74.478675
1 4 2 3 5 : 14.648927
1 4 2 4 1 : 204.415641
1 4 2 4 2 : 206.690085
1 4 2 4 3 : 211.706384
1 4 2 4 4 : 136.716718
1 4 2 4 5 : 0.000000
1 4 3 1 1 : 236.732435
1 4 3 1 2 : 220.300987
1 4 3 1 3 : 181.388414
1 4 3 1 4 : 216.713300
1 4 3 1 5 : 0.000000
1 4 3 2 1 : 54.212861
1 4 3 2 2 : 160.018551
1 4 3 2 3 : 278.433693
1 4 3 2 4 : 287.580858
1 4 3 2 5 : 24.546806
1 4 3 3 1 : 435.844526
1 4 3 3 2 : 249.971835
1 4 3 3 3 : 376.227640
1 4 3 3 4 : 29.184877
1 4 3 3 5 : 0.000000
1 4 3 4 1 : 0.000000
1 4 3 4 2 : 99.412970
1 4 3 4 3 : 252.573109
1 4 3 4 4 : 105.899946
1 4 3 4 5 : 0.000000
1 4 4 1 1 : 332.719928
1 4 4 1 2 : 199.916278
1 4 4 1 3 : 115.444969
1 4 4 1 4 : 244.053506
1 4 4 1 5 : 11.387156
1 4 4 2 1 : 139.712564
1 4 4 2 2 : 138.913443
1 4 4 2 3 : 124.032843
1 4 4 2 4 : 123.185096
1 4 4 2 5 : 131.707187
1 4 4 3 1 : 290.753823
1 4 4 3 2 : 275.909927
1 4 4 3 3 : 199.027548
1 4 4 3 4 : 210.189017
1 4 4 3 5 : 15.239807
1 4 4 4 1 : 302.194079
1 4 4 4 2 : 196.404679
1 4 4 4 3 : 234.936239
1 4 4 4 4 : 317.136419
1 4 4 4 5 : 38.925751
2 1 1 1 1 : 461.854265
2 1 1 1 2 : 320.770407
2 1 1 1 3 : 183.850547
2 1 1 1 4 : 274.261414
2 1 1 1 5 : 26.269346
2 1 1 2 1 : 268.529452
2 1 1 2 2 : 262.504611
2 1 1 2 3 : 170.839318
2 1 1 2 4 : 215.376169
2 1 1 2 5 : 32.564738
2 1 1 3 1 : 63.339359
2 1 1 3 2 : 221.036091
2 1 1 3 3 : 98.901450
2 1 1 3 4 : 68.513123
2 1 1 3 5 : 19.352951
2 1 1 4 1 : 82.047822
2 1 1 4 2 : 130.552939
2 1 1 4 3 : 173.800641
2 1 1 4 4 : 91.740883
2 1 1 4 5 : 42.913270
2 1 2 1 1 : 269.774113
2 1 2 1 2 : 291.931746
2 1 2 1 3 : 107.953109
2 1 2 1 4 : 21.033040
2 1 2 1 5 : 18.381485
2 1 2 2 1 : 257.657769
2 1 2 2 2 : 353.541151
2 1 2 2 3 : 87.700568
2 1 2 2 4 : 183.775200
2 1 2 2 5 : 34.477027
2 1 2 3 1 : 127.359822
2 1 2 3 2 : 190.823023
2 1 2 3 3 : 144.890696
2 1 2 3 4 : 0.000000
2 1 2 3 5 : 38.776110
2 1 2 4 1 : 194.961890
2 1 2 4 2 : 169.698954
2 1 2 4 3 : 0.000000
2 1 2 4 4 : 132.021623
2 1 2 4 5 : 0.000000
2 1 3 1 1 : 276.361404
2 1 3 1 2 : 29.863312
2 1 3 1 3 : 129.215592
2 1 3 1 4 : 142.744991
2 1 3 1 5 : 9.630305
2 1 3 2 1 : 28.291057
2 1 3 2 2 : 129.298231
2 1 3 2 3 : 73.312381
2 1 3 2 4 : 99.653320
2 1 3 2 5 : 0.000000
2 1 3 3 1 : 77.055063
2 1 3 3 2 : 106.971710
2 1 3 3 3 : 95.261760
2 1 3 3 4 : 51.017853
2 1 3 3 5 : 0.000000
2 1 3 4 1 : 201.999500
2 1 3 4 2 : 0.000000
2 1 3 4 3 : 190.622256
2 1 3 4 4 : 67.652804
2 1 3 4 5 : 0.000000
2 1 4 1 1 : 216.442787
2 1 4 1 2 : 130.537740
2 1 4 1 3 : 68.532558
2 1 4 1 4 : 143.784425
2 1 4 1 5 : 53.454395
2 1 4 2 1 : 182.982653
2 1 4 2 2 : 49.971449
2 1 4 2 3 : 138.283400
2 1 4 2 4 : 0.000000
2 1 4 2 5 : 32.043835
2 1 4 3 1 : 66.087359
2 1 4 3 2 : 73.544017
2 1 4 3 3 : 139.618146
2 1 4 3 4 : 87.348761
2 1 4 3 5 : 10.731836
2 1 4 4 1 : 384.454336
2 1 4 4 2 : 35.867677
2 1 4 4 3 : 54.772383
2 1 4 4 4 : 21.270256
2 1 4 4 5 : 5.544547
2 2 1 1 1 : 370.232450
2 2 1 1 2 : 291.911616
2 2 1 1 3 : 27.975557
2 2 1 1 4 : 142.297122
2 2 1 1 5 : 115.493507
2 2 1 2 1 : 239.656885
2 2 1 2 2 : 266.642077
2 2 1 2 3 : 126.944056
2 2 1 2 4 : 168.758804
2 2 1 2 5 : 21.698628
2 2 1 3 1 : 294.675550
2 2 1 3 2 : 158.445111
2 2 1 3 3 : 119.799153
2 2 1 3 4 : 0.000000
2 2 1 3 5 : 0.000000
2 2 1 4 1 : 294.322610
2 2 1 4 2 : 228.714934
2 2 1 4 3 : 76.518029
2 2 1 4 4 : 0.000000
2 2 1 4 5 : 0.000000
2 2 2 2 1 : 453.532022
2 2 2 2 2 : 725.150361
2 2 2 2 3 : 359.365232
2 2 2 2 4 : 372.600762
2 2 2 2 5 : 63.268752
2 2 2 3 1 : 364.567934
2 2 2 3 2 : 403.293712
2 2 2 3 3 : 335.546076
2 2 2 3 4 : 128.533423
2 2 2 3 5 : 61.327060
2 2 2 4 1 : 253.203507
2 2 2 4 2 : 275.845193
2 2 2 4 3 : 210.535007
2 2 2 4 4 : 268.231223
2 2 2 4 5 : 37.541981
2 2 3 1 1 : 271.450713
2 2 3 1 2 : 150.550256
2 2 3 1 3 : 149.630261
2 2 3 1 4 : 225.877086
2 2 3 1 5 : 54.121613
2 2 3 3 1 : 260.879397
2 2 3 3 2 : 283.014635
2 2 3 3 3 : 370.153010
2 2 3 3 4 : 147.394578
2 2 3 3 5 : 32.812205
2 2 4 1 1 : 308.736600
2 2 4 1 2 : 125.696965
2 2 4 1 3 : 23.842906
2 2 4 1 4 : 255.820763
2 2 4 1 5 : 62.427598
2 2 4 2 1 : 162.171687
2 2 4 2 2 : 338.211107
2 2 4 2 3 : 87.144812
2 2 4 2 4 : 227.981041
2 2 4 2 5 : 30.453736
2 2 4 3 1 : 127.803850
2 2 4 3 2 : 188.040586
2 2 4 3 3 : 174.321296
2 2 4 3 4 : 83.418668
2 2 4 3 5 : 72.084621
2 2 4 4 1 : 201.197688
2 2 4 4 2 : 202.633350
2 2 4 4 3 : 141.854219
2 2 4 4 4 : 276.926592
2 2 4 4 5 : 0.000000
2 3 1 1 1 : 192.348179
2 3 1 1 2 : 89.626700
2 3 1 1 3 : 115.135211
2 3 1 1 4 : 146.105647
2 3 1 1 5 : 22.952849
2 3 1 2 1 : 206.325338
2 3 1 2 2 : 269.607605
2 3 1 2 3 : 132.012297
2 3 1 2 4 : 67.986826
2 3 1 2 5 : 17.583454
2 3 1 3 1 : 264.132482
2 3 1 3 2 : 190.835089
2 3 1 3 3 : 266.205922
2 3 1 3 4 : 0.000000
2 3 1 3 5 : 0.000000
2 3 1 4 1 : 180.934176
2 3 1 4 2 : 291.902042
2 3 1 4 3 : 231.159380
2 3 1 4 4 : 259.882520
2 3 1 4 5 : 38.935156
2 3 2 1 1 : 119.889953
2 3 2 1 2 : 105.974499
2 3 2 1 3 : 133.480944
2 3 2 1 4 : 107.133978
2 3 2 1 5 : 123.337800
2 3 2 2 1 : 125.505739
2 3 2 2 2 : 397.522595
2 3 2 2 3 : 310.651155
2 3 2 2 4 : 223.697696
2 3 2 2 5 : 35.013734
2 3 2 3 1 : 342.147359
2 3 2 3 2 : 335.676319
2 3 2 3 3 : 304.119467
2 3 2 3 4 : 50.978806
2 3 2 3 5 : 0.000000
2 3 2 4 1 : 218.607604
2 3 2 4 2 : 174.782271
2 3 2 4 3 : 246.594379
2 3 2 4 4 : 254.135264
2 3 2 4 5 : 0.000000
2 3 3 1 1 : 279.465665
2 3 3 1 2 : 179.691784
2 3 3 1 3 : 166.613484
2 3 3 1 4 : 269.767456
2 3 3 1 5 : 0.000000
2 3 3 2 1 : 173.797432
2 3 3 2 2 : 237.338409
2 3 3 2 3 : 317.584827
2 3 3 2 4 : 305.657943
2 3 3 2 5 : 34.973824
2 3 3 3 1 : 341.890293
2 3 3 3 2 : 281.489813
2 3 3 3 3 : 342.299872
2 3 3 3 4 : 171.972337
2 3 3 3 5 : 35.168096
2 3 4 1 1 : 243.837981
2 3 4 1 2 : 61.794791
2 3 4 1 3 : 0.000000
2 3 4 1 4 : 33.300269
2 3 4 1 5 : 0.000000
2 3 4 3 1 : 75.286450
2 3 4 3 2 : 47.684325
2 3 4 3 3 : 123.830566
2 3 4 3 4 : 46.311418
2 3 4 3 5 : 0.000000
2 4 1 1 1 : 269.345479
2 4 1 1 2 : 202.213527
2 4 1 1 3 : 274.161444
2 4 1 1 4 : 278.605644
2 4 1 1 5 : 5.943156
2 4 1 2 1 : 72.758913
2 4 1 2 2 : 113.334228
2 4 1 2 3 : 136.375453
2 4 1 2 4 : 158.472264
2 4 1 2 5 : 108.814430
2 4 1 3 1 : 194.351981
2 4 1 3 2 : 235.953819
2 4 1 3 3 : 183.882197
2 4 1 3 4 : 20.493215
2 4 1 3 5 : 0.000000
2 4 1 4 1 : 218.483703
2 4 1 4 2 : 195.025154
2 4 1 4 3 : 216.542287
2 4 1 4 4 : 204.799960
2 4 1 4 5 : 90.913240
2 4 2 1 1 : 373.880058
2 4 2 1 2 : 106.115296
2 4 2 1 3 : 0.000000
2 4 2 1 4 : 13.986584
2 4 2 1 5 : 0.000000
2 4 2 2 1 : 123.520772
2 4 2 2 2 : 324.683356
2 4 2 2 3 : 99.523095
2 4 2 2 4 : 178.496098
2 4 2 2 5 : 40.021678
2 4 2 3 1 : 164.701691
2 4 2 3 2 : 186.752640
2 4 2 3 3 : 212.088578
2 4 2 3 4 : 0.000000
2 4 2 3 5 : 0.000000
2 4 2 4 1 : 264.980574
2 4 2 4 2 : 226.405576
2 4 2 4 3 : 263.779176
2 4 2 4 4 : 310.062994
2 4 2 4 5 : 39.680680
2 4 3 1 1 : 277.920303
2 4 3 1 2 : 100.885552
2 4 3 1 3 : 165.115811
2 4 3 1 4 : 289.692444
2 4 3 1 5 : 25.763588
2 4 3 2 1 : 128.823694
2 4 3 2 2 : 258.449715
2 4 3 2 3 : 175.200182
2 4 3 2 4 : 187.804724
2 4 3 2 5 : 23.883679
2 4 3 3 1 : 315.687859
2 4 3 3 2 : 482.718001
2 4 3 3 3 : 269.023018
2 4 3 3 4 : 0.000000
2 4 3 3 5 : 0.000000
2 4 3 4 1 : 46.093836
2 4 3 4 2 : 156.415380
2 4 3 4 3 : 44.204650
2 4 3 4 4 : 69.281234
2 4 3 4 5 : 18.500953
2 4 4 1 1 : 272.079238
2 4 4 1 2 : 122.866415
2 4 4 1 3 : 51.151327
2 4 4 1 4 : 272.128580
2 4 4 1 5 : 62.633274
2 4 4 2 1 : 153.971344
2 4 4 2 2 : 308.415340
2 4 4 2 3 : 0.000000
2 4 4 2 4 : 269.093440
2 4 4 2 5 : 0.000000
2 4 4 3 1 : 34.954429
2 4 4 3 2 : 288.795667
2 4 4 3 3 : 245.530253
2 4 4 3 4 : 265.032436
2 4 4 3 5 : 48.459381
2 4 4 4 1 : 302.479064
2 4 4 4 2 : 196.896404
2 4 4 4 3 : 235.524433
2 4 4 4 4 : 318.402009
2 4 4 4 5 : 39.023207
3 1 1 2 1 : 140.974646
3 1 1 2 2 : 87.406746
3 1 1 2 3 : 179.515351
3 1 1 2 4 : 126.901890
3 1 1 2 5 : 103.105021
3 1 1 3 1 : 238.503824
3 1 1 3 2 : 109.628603
3 1 1 3 3 : 95.633177
3 1 1 3 4 : 205.076983
3 1 1 3 5 : 0.000000
3 1 2 1 1 : 230.446605
3 1 2 1 2 : 179.685450
3 1 2 1 3 : 30.545867
3 1 2 1 4 : 142.317886
3 1 2 1 5 : 0.000000
3 1 2 2 1 : 129.653885
3 1 2 2 2 : 338.311656
3 1 2 2 3 : 220.414428
3 1 2 2 4 : 125.693782
3 1 2 2 5 : 43.228605
3 1 2 3 1 : 218.920296
3 1 2 3 2 : 81.403433
3 1 2 3 3 : 254.342882
3 1 2 3 4 : 51.777439
3 1 2 3 5 : 29.173668
3 1 2 4 1 : 226.434495
3 1 2 4 2 : 166.038570
3 1 2 4 3 : 131.062142
3 1 2 4 4 : 199.426856
3 1 2 4 5 : 0.000000
3 1 3 1 1 : 218.527509
3 1 3 1 2 : 156.891643
3 1 3 1 3 : 212.245856
3 1 3 1 4 : 221.903214
3 1 3 1 5 : 92.843216
3 1 3 2 1 : 179.817431
3 1 3 2 2 : 315.620841
3 1 3 2 3 : 286.174142
3 1 3 2 4 : 87.113802
3 1 3 2 5 : 12.680470
3 1 3 3 1 : 240.939564
3 1 3 3 2 : 220.116847
3 1 3 3 3 : 315.712579
3 1 3 3 4 : 75.165472
3 1 3 3 5 : 28.074237
3 1 4 1 1 : 183.910077
3 1 4 1 2 : 84.672324
3 1 4 1 3 : 213.497136
3 1 4 1 4 : 312.519820
3 1 4 1 5 : 65.181275
3 1 4 2 1 : 0.000000
3 1 4 2 2 : 192.711387
3 1 4 2 3 : 254.487326
3 1 4 2 4 : 298.953736
3 1 4 2 5 : 54.204218
3 1 4 3 1 : 247.068510
3 1 4 3 2 : 203.859466
3 1 4 3 3 : 491.321116
3 1 4 3 4 : 148.099628
3 1 4 3 5 : 30.897565
3 1 4 4 1 : 306.167355
3 1 4 4 2 : 222.817737
3 1 4 4 3 : 335.850904
3 1 4 4 4 : 369.220829
3 1 4 4 5 : 45.719897
3 2 1 1 1 : 185.383215
3 2 1 1 2 : 132.023294
3 2 1 1 3 : 244.946054
3 2 1 1 4 : 70.596875
3 2 1 1 5 : 16.862886
3 2 1 2 1 : 93.215899
3 2 1 2 2 : 199.301874
3 2 1 2 3 : 29.005033
3 2 1 2 4 : 95.237994
3 2 1 2 5 : 2.757808
3 2 1 3 1 : 180.904942
3 2 1 3 2 : 169.178765
3 2 1 3 3 : 94.474390
3 2 1 3 4 : 72.778964
3 2 1 3 5 : 0.000000
3 2 1 4 1 : 98.048308
3 2 1 4 2 : 130.085250
3 2 1 4 3 : 149.840783
3 2 1 4 4 : 98.773372
3 2 1 4 5 : 50.902017
3 2 2 1 1 : 102.042463
3 2 2 1 2 : 158.384547
3 2 2 1 3 : 0.000000
3 2 2 1 4 : 110.375540
3 2 2 1 5 : 34.603842
3 2 2 2 1 : 242.976367
3 2 2 2 2 : 433.067254
3 2 2 2 3 : 324.485399
3 2 2 2 4 : 242.383832
3 2 2 2 5 : 41.157518
3 2 2 3 1 : 237.746520
3 2 2 3 2 : 312.919644
3 2 2 3 3 : 305.478977
3 2 2 3 4 : 99.730375
3 2 2 3 5 : 47.584282
3 2 2 4 1 : 162.344924
3 2 2 4 2 : 225.046859
3 2 2 4 3 : 171.213313
3 2 2 4 4 : 163.979195
3 2 2 4 5 : 0.000000
3 2 3 1 1 : 197.661654
3 2 3 1 2 : 275.696811
3 2 3 1 3 : 126.861926
3 2 3 1 4 : 238.578600
3 2 3 1 5 : 39.345211
3 2 3 2 1 : 185.940929
3 2 3 2 2 : 344.378210
3 2 3 2 3 : 325.630510
3 2 3 2 4 : 281.872792
3 2 3 2 5 : 38.471408
3 2 3 3 1 : 302.735533
3 2 3 3 2 : 303.772606
3 2 3 3 3 : 454.190873
3 2 3 3 4 : 171.042929
3 2 3 3 5 : 38.076677
3 2 3 4 1 : 26.951269
3 2 3 4 2 : 45.195860
3 2 3 4 3 : 105.483526
3 2 3 4 4 : 115.719985
3 2 3 4 5 : 123.075015
3 2 4 1 1 : 132.213088
3 2 4 1 2 : 149.252442
3 2 4 1 3 : 185.517658
3 2 4 1 4 : 341.525338
3 2 4 1 5 : 140.664744
3 2 4 2 1 : 80.972897
3 2 4 2 2 : 191.817710
3 2 4 2 3 : 224.890705
3 2 4 2 4 : 260.694628
3 2 4 2 5 : 129.056545
3 2 4 3 1 : 202.265115
3 2 4 3 2 : 210.440271
3 2 4 3 3 : 397.461401
3 2 4 3 4 : 171.305937
3 2 4 3 5 : 33.506137
3 2 4 4 1 : 257.315789
3 2 4 4 2 : 241.044061
3 2 4 4 3 : 324.574909
3 2 4 4 4 : 326.277322
3 2 4 4 5 : 42.576530
3 3 1 1 1 : 253.768268
3 3 1 1 2 : 136.285814
3 3 1 1 3 : 127.236141
3 3 1 1 4 : 275.198170
3 3 1 1 5 : 29.974419
3 3 1 2 1 : 159.647457
3 3 1 2 2 : 263.920458
3 3 1 2 3 : 84.784358
3 3 1 2 4 : 270.950816
3 3 1 2 5 : 25.516949
3 3 1 3 1 : 205.293942
3 3 1 3 2 : 275.942966
3 3 1 3 3 : 316.342370
3 3 1 3 4 : 32.980171
3 3 1 3 5 : 51.322010
3 3 1 4 1 : 237.242650
3 3 1 4 2 : 220.845561
3 3 1 4 3 : 316.157790
3 3 1 4 4 : 346.365927
3 3 1 4 5 : 40.672591
3 3 2 1 1 : 112.403998
3 3 2 1 2 : 132.329203
3 3 2 1 3 : 78.442547
3 3 2 1 4 : 255.466951
3 3 2 1 5 : 85.899399
3 3 2 2 1 : 87.203357
3 3 2 2 2 : 289.978781
3 3 2 2 3 : 285.183408
3 3 2 2 4 : 99.998823
3 3 2 2 5 : 145.136753
3 3 2 3 1 : 271.553409
3 3 2 3 2 : 347.730002
3 3 2 3 3 : 408.694942
3 3 2 3 4 : 128.773618
3 3 2 3 5 : 57.584080
3 3 2 4 1 : 264.504272
3 3 2 4 2 : 247.299088
3 3 2 4 3 : 282.842188
3 3 2 4 4 : 332.113419
3 3 2 4 5 : 41.972750
3 3 3 1 1 : 308.116046
3 3 3 1 2 : 301.506602
3 3 3 1 3 : 330.375822
3 3 3 1 4 : 435.047505
3 3 3 1 5 : 50.268950
3 3 3 2 1 : 190.725708
3 3 3 2 2 : 260.455726
3 3 3 2 3 : 311.942193
3 3 3 2 4 : 372.005881
3 3 3 2 5 : 38.380356
3 3 3 3 1 : 339.954558
3 3 3 3 2 : 342.501096
3 3 3 3 3 : 326.979545
3 3 3 3 4 : 374.796653
3 3 3 3 5 : 42.790577
3 3 3 4 1 : 26.345045
3 3 3 4 2 : 25.036614
3 3 3 4 3 : 393.941375
3 3 3 4 4 : 227.897329
3 3 3 4 5 : 43.719378
3 3 4 1 1 : 74.742194
3 3 4 1 2 : 18.193666
3 3 4 1 3 : 106.245558
3 3 4 1 4 : 46.962539
3 3 4 1 5 : 45.368776
3 3 4 3 1 : 98.254944
3 3 4 3 2 : 121.480779
3 3 4 3 3 : 262.931718
3 3 4 3 4 : 99.715258
3 3 4 3 5 : 126.043059
3 3 4 4 1 : 0.000000
3 3 4 4 2 : 40.951300
3 3 4 4 3 : 266.608266
3 3 4 4 4 : 324.623144
3 3 4 4 5 : 0.000000
3 4 3 1 1 : 167.030228
3 4 3 1 2 : 26.995162
3 4 3 1 3 : 109.967472
3 4 3 1 4 : 0.000000
3 4 3 1 5 : 46.006850
3 4 3 2 1 : 2.982717
3 4 3 2 2 : 132.709749
3 4 3 2 3 : 132.565261
3 4 3 2 4 : 145.988388
3 4 3 2 5 : 21.047917
3 4 3 3 1 : 173.276002
3 4 3 3 2 : 0.000000
3 4 3 3 3 : 368.370936
3 4 3 3 4 : 147.047511
3 4 3 3 5 : 63.545924
3 4 3 4 1 : 88.729646
3 4 3 4 2 : 94.858069
3 4 3 4 3 : 251.308073
3 4 3 4 4 : 92.657574
3 4 3 4 5 : 82.398499
3 4 4 1 1 : 95.101345
3 4 4 1 2 : 88.597672
3 4 4 1 3 : 85.811487
3 4 4 1 4 : 0.000000
3 4 4 1 5 : 106.949972
3 4 4 2 1 : 24.136415
3 4 4 2 2 : 178.895303
3 4 4 2 3 : 16.055829
3 4 4 2 4 : 68.970967
3 4 4 2 5 : 0.000000
3 4 4 3 1 : 116.676262
3 4 4 3 2 : 175.698687
3 4 4 3 3 : 42.813302
3 4 4 3 4 : 192.205598
3 4 4 3 5 : 0.000000
3 4 4 4 1 : 84.848105
3 4 4 4 2 : 65.704896
3 4 4 4 3 : 246.611414
3 4 4 4 4 : 167.019429
3 4 4 4 5 : 0.000000
4 1 1 1 1 : 496.247403
4 1 1 1 2 : 331.700978
4 1 1 1 3 : 207.690942
4 1 1 1 4 : 365.986963
4 1 1 1 5 : 29.675763
4 1 1 3 1 : 78.240886
4 1 1 3 2 : 119.816400
4 1 1 3 3 : 185.810755
4 1 1 3 4 : 78.906032
4 1 1 3 5 : 0.000000
4 1 1 4 1 : 229.085676
4 1 1 4 2 : 202.094041
4 1 1 4 3 : 182.316573
4 1 1 4 4 : 244.228219
4 1 1 4 5 : 31.131097
4 1 2 1 1 : 102.230227
4 1 2 1 2 : 157.180407
4 1 2 1 3 : 61.213880
4 1 2 1 4 : 101.184896
4 1 2 1 5 : 16.342139
4 1 2 2 1 : 116.002171
4 1 2 2 2 : 191.264818
4 1 2 2 3 : 145.602172
4 1 2 2 4 : 106.847088
4 1 2 2 5 : 22.705402
4 1 2 3 1 : 228.402547
4 1 2 3 2 : 45.277868
4 1 2 3 3 : 149.772182
4 1 2 3 4 : 75.614636
4 1 2 3 5 : 68.334209
4 1 2 4 1 : 202.304769
4 1 2 4 2 : 211.000543
4 1 2 4 3 : 86.875309
4 1 2 4 4 : 80.872178
4 1 2 4 5 : 15.188859
4 1 3 1 1 : 290.009215
4 1 3 1 2 : 243.191983
4 1 3 1 3 : 0.000000
4 1 3 1 4 : 36.657927
4 1 3 1 5 : 14.960534
4 1 3 2 1 : 0.000000
4 1 3 2 2 : 179.793941
4 1 3 2 3 : 119.472480
4 1 3 2 4 : 124.630308
4 1 3 2 5 : 157.265118
4 1 3 3 1 : 126.788695
4 1 3 3 2 : 170.276542
4 1 3 3 3 : 154.049312
4 1 3 3 4 : 65.858236
4 1 3 3 5 : 65.340485
4 1 4 1 1 : 333.434726
4 1 4 1 2 : 229.221918
4 1 4 1 3 : 245.469527
4 1 4 1 4 : 312.436769
4 1 4 1 5 : 21.832942
4 1 4 2 1 : 141.231596
4 1 4 2 2 : 113.436470
4 1 4 2 3 : 254.802526
4 1 4 2 4 : 177.713237
4 1 4 2 5 : 0.000000
4 1 4 3 1 : 117.640056
4 1 4 3 2 : 230.806117
4 1 4 3 3 : 162.852379
4 1 4 3 4 : 147.627082
4 1 4 3 5 : 31.140134
4 1 4 4 1 : 472.263109
4 1 4 4 2 : 133.000101
4 1 4 4 3 : 290.631498
4 1 4 4 4 : 190.562326
4 1 4 4 5 : 10.978951
4 2 1 1 1 : 208.077756
4 2 1 1 2 : 103.848311
4 2 1 1 3 : 53.505107
4 2 1 1 4 : 103.475502
4 2 1 1 5 : 0.000000
4 2 1 2 1 : 134.119587
4 2 1 2 2 : 9.463866
4 2 1 2 3 : 124.713627
4 2 1 2 4 : 159.829766
4 2 1 2 5 : 0.000000
4 2 1 3 1 : 32.159124
4 2 1 3 2 : 112.109009
4 2 1 3 3 : 136.208381
4 2 1 3 4 : 21.205022
4 2 1 3 5 : 36.005056
4 2 1 4 1 : 152.384749
4 2 1 4 2 : 64.787120
4 2 1 4 3 : 7.156486
4 2 1 4 4 : 156.080516
4 2 1 4 5 : 54.523680
4 2 2 1 1 : 197.813342
4 2 2 1 2 : 88.841385
4 2 2 1 3 : 151.201897
4 2 2 1 4 : 37.174460
4 2 2 1 5 : 44.907280
4 2 2 2 1 : 82.492321
4 2 2 2 2 : 321.539453
4 2 2 2 3 : 102.724783
4 2 2 2 4 : 140.949775
4 2 2 2 5 : 59.455270
4 2 2 3 1 : 74.696917
4 2 2 3 2 : 146.675269
4 2 2 3 3 : 154.231055
4 2 2 3 4 : 0.000000
4 2 2 3 5 : 113.720603
4 2 2 4 1 : 139.909334
4 2 2 4 2 : 194.569387
4 2 2 4 3 : 230.762984
4 2 2 4 4 : 0.000000
4 2 2 4 5 : 45.372535
4 2 3 1 1 : 0.000000
4 2 3 1 2 : 109.346260
4 2 3 1 3 : 64.711360
4 2 3 1 4 : 314.916961
4 2 3 1 5 : 15.382630
4 2 3 2 1 : 92.929651
4 2 3 2 2 : 217.507431
4 2 3 2 3 : 255.352784
4 2 3 2 4 : 119.630925
4 2 3 2 5 : 11.670887
4 2 3 3 1 : 33.283140
4 2 3 3 2 : 113.475180
4 2 3 3 3 : 275.758010
4 2 3 3 4 : 57.227834
4 2 3 3 5 : 123.407560
4 2 4 1 1 : 170.608543
4 2 4 1 2 : 155.374820
4 2 4 1 3 : 114.225096
4 2 4 1 4 : 196.829849
4 2 4 1 5 : 33.625991
4 2 4 2 1 : 110.034282
4 2 4 2 2 : 101.316693
4 2 4 2 3 : 322.197979
4 2 4 2 4 : 184.776207
4 2 4 2 5 : 0.000000
4 2 4 3 1 : 121.001682
4 2 4 3 2 : 144.474177
4 2 4 3 3 : 164.080307
4 2 4 3 4 : 178.560726
4 2 4 3 5 : 0.000000
4 2 4 4 1 : 193.697335
4 2 4 4 2 : 192.378712
4 2 4 4 3 : 195.724397
4 2 4 4 4 : 278.379680
4 2 4 4 5 : 0.000000
4 3 1 1 1 : 237.260549
4 3 1 1 2 : 155.645342
4 3 1 1 3 : 165.909519
4 3 1 1 4 : 192.238893
4 3 1 1 5 : 0.000000
4 3 1 2 1 : 4.624730
4 3 1 2 2 : 292.184344
4 3 1 2 3 : 141.870946
4 3 1 2 4 : 174.053753
4 3 1 2 5 : 21.580448
4 3 1 3 1 : 138.810154
4 3 1 3 2 : 146.369642
4 3 1 3 3 : 219.866318
4 3 1 3 4 : 71.514237
4 3 1 3 5 : 0.000000
4 3 2 1 1 : 174.612626
4 3 2 1 2 : 85.556670
4 3 2 1 3 : 105.985969
4 3 2 1 4 : 104.283731
4 3 2 1 5 : 0.000000
4 3 2 2 1 : 0.000000
4 3 2 2 2 : 260.898272
4 3 2 2 3 : 232.829354
4 3 2 2 4 : 181.095726
4 3 2 2 5 : 33.792121
4 3 2 3 1 : 229.542052
4 3 2 3 2 : 309.458467
4 3 2 3 3 : 210.837389
4 3 2 3 4 : 50.785957
4 3 2 3 5 : 17.606684
4 3 2 4 1 : 245.458118
4 3 2 4 2 : 229.491827
4 3 2 4 3 : 262.475576
4 3 2 4 4 : 308.198933
4 3 2 4 5 : 38.950419
4 3 3 1 1 : 207.699113
4 3 3 1 2 : 206.418296
4 3 3 1 3 : 146.100916
4 3 3 1 4 : 222.452700
4 3 3 1 5 : 69.207203
4 3 3 2 1 : 151.164725
4 3 3 2 2 : 206.431102
4 3 3 2 3 : 263.126266
4 3 3 2 4 : 278.954942
4 3 3 2 5 : 30.419370
4 3 3 3 1 : 352.123582
4 3 3 3 2 : 289.915225
4 3 3 3 3 : 352.545420
4 3 3 3 4 : 177.119726
4 3 3 3 5 : 36.220730
4 3 3 4 1 : 285.491543
4 3 3 4 2 : 3.412259
4 3 3 4 3 : 152.501602
4 3 3 4 4 : 110.718216
4 3 3 4 5 : 0.000000
4 3 4 1 1 : 9.609339
4 3 4 1 2 : 71.722839
4 3 4 1 3 : 100.659643
4 3 4 1 4 : 134.895073
4 3 4 1 5 : 0.000000
4 3 4 2 1 : 8.541280
4 3 4 2 2 : 117.220166
4 3 4 2 3 : 110.348504
4 3 4 2 4 : 76.324925
4 3 4 2 5 : 21.667048
4 3 4 3 1 : 72.468067
4 3 4 3 2 : 135.275404
4 3 4 3 3 : 357.725546
4 3 4 3 4 : 231.271312
4 3 4 3 5 : 0.000000
4 3 4 4 1 : 185.491443
4 3 4 4 2 : 46.322630
4 3 4 4 3 : 108.452109
4 3 4 4 4 : 239.980348
4 3 4 4 5 : 4.787820
4 4 1 1 1 : 354.673231
4 4 1 1 2 : 254.361627
4 4 1 1 3 : 135.974270
4 4 1 1 4 : 327.045476
4 4 1 1 5 : 22.697946
4 4 1 2 1 : 148.139791
4 4 1 2 2 : 141.775016
4 4 1 2 3 : 119.152955
4 4 1 2 4 : 173.765652
4 4 1 2 5 : 6.459816
4 4 1 3 1 : 47.303751
4 4 1 3 2 : 118.826156
4 4 1 3 3 : 131.175620
4 4 1 3 4 : 47.130889
4 4 1 3 5 : 59.530249
4 4 1 4 1 : 414.762144
4 4 1 4 2 : 249.491304
4 4 1 4 3 : 250.537631
4 4 1 4 4 : 398.438851
4 4 1 4 5 : 47.663658
4 4 2 1 1 : 93.282685
4 4 2 1 2 : 95.464779
4 4 2 1 3 : 113.107513
4 4 2 1 4 : 63.103705
4 4 2 1 5 : 0.000000
4 4 2 2 1 : 81.740572
4 4 2 2 2 : 214.591131
4 4 2 2 3 : 48.032085
4 4 2 2 4 : 124.966583
4 4 2 2 5 : 7.430250
4 4 2 3 1 : 27.698568
4 4 2 3 2 : 157.641676
4 4 2 3 3 : 164.645700
4 4 2 3 4 : 47.610729
4 4 2 3 5 : 137.117783
4 4 2 4 1 : 190.965671
4 4 2 4 2 : 146.930357
4 4 2 4 3 : 73.659962
4 4 2 4 4 : 337.838326
4 4 2 4 5 : 101.275771
4 4 3 1 1 : 319.694303
4 4 3 1 2 : 0.000000
4 4 3 1 3 : 420.233804
4 4 3 1 4 : 462.323652
4 4 3 1 5 : 0.000000
4 4 3 2 1 : 192.660974
4 4 3 2 2 : 190.259526
4 4 3 2 3 : 408.013463
4 4 3 2 4 : 388.778678
4 4 3 2 5 : 36.960843
4 4 3 3 1 : 143.016515
4 4 3 3 2 : 70.657699
4 4 3 3 3 : 132.799749
4 4 3 3 4 : 86.971947
4 4 3 3 5 : 0.000000
4 4 3 4 1 : 164.227570
4 4 3 4 2 : 77.792606
4 4 3 4 3 : 181.701375
4 4 3 4 4 : 134.007425
4 4 3 4 5 : 96.116253
4 4 4 1 1 : 402.224856
4 4 4 1 2 : 216.513206
4 4 4 1 3 : 296.264015
4 4 4 1 4 : 352.166228
4 4 4 1 5 : 41.682439
4 4 4 2 1 : 0.000000
4 4 4 2 2 : 271.009019
4 4 4 2 3 : 263.546275
4 4 4 2 4 : 219.402840
4 4 4 2 5 : 0.000000
4 4 4 3 1 : 199.087339
4 4 4 3 2 : 238.998516
4 4 4 3 3 : 178.998500
4 4 4 3 4 : 284.788705
4 4 4 3 5 : 0.000000
4 4 4 4 1 : 326.567590
4 4 4 4 2 : 192.626103
4 4 4 4 3 : 288.163359
4 4 4 4 4 : 223.100786
4 4 4 4 5 : 38.176869
1 1 1 1 1 1 : 640.341502
1 1 1 1 1 2 : 99.171773
1 1 1 1 1 3 : 169.316362
1 1 1 1 1 4 : 83.741075
1 1 1 1 1 5 : 0.000000
1 1 1 1 2 1 : 189.998255
1 1 1 1 2 2 : 0.000000
1 1 1 1 2 3 : 18.459884
1 1 1 1 2 4 : 152.011379
1 1 1 1 2 5 : 192.230511
1 1 1 1 3 1 : 131.364777
1 1 1 1 3 2 : 0.000000
1 1 1 1 3 3 : 7.938824
1 1 1 1 3 4 : 86.264375
1 1 1 1 3 5 : 79.891606
1 1 1 1 4 1 : 272.352275
1 1 1 1 4 2 : 86.618298
1 1 1 1 4 3 : 0.000000
1 1 1 1 4 4 : 102.935734
1 1 1 1 4 5 : 0.000000
1 1 1 2 1 1 : 195.572761
1 1 1 2 1 2 : 186.754546
1 1 1 2 1 3 : 28.312570
1 1 1 2 1 4 : 46.433082
1 1 1 2 1 5 : 45.091373
1 1 1 2 2 1 : 112.592653
1 1 1 2 2 2 : 158.978662
1 1 1 2 2 3 : 110.867632
1 1 1 2 2 4 : 77.551965
1 1 1 2 2 5 : 0.000000
1 1 1 2 4 1 : 19.411111
1 1 1 2 4 2 : 167.538662
1 1 1 2 4 3 : 140.975213
1 1 1 2 4 4 : 25.783151
1 1 1 2 4 5 : 0.000000
1 1 1 3 1 1 : 113.200339
1 1 1 3 1 2 : 16.497423
1 1 1 3 1 3 : 86.404291
1 1 1 3 1 4 : 36.956962
1 1 1 3 1 5 : 0.000000
1 1 1 4 1 1 : 161.670253
1 1 1 4 1 2 : 141.441053
1 1 1 4 1 3 : 0.000000
1 1 1 4 1 4 : 86.572913
1 1 1 4 1 5 : 35.972461
1 1 1 4 4 1 : 80.932950
1 1 1 4 4 2 : 55.583651
1 1 1 4 4 3 : 59.180438
1 1 1 4 4 4 : 101.186541
1 1 1 4 4 5 : 30.617074
1 1 2 1 1 1 : 48.021786
1 1 2 1 1 2 : 127.061921
1 1 2 1 1 3 : 43.907613
1 1 2 1 1 4 : 159.945475
1 1 2 1 1 5 : 0.000000
1 1 2 1 3 1 : 0.000000
1 1 2 1 3 2 : 141.078880
1 1 2 1 3 3 : 90.852317
1 1 2 1 3 4 : 0.000000
1 1 2 1 3 5 : 0.000000
1 2 1 1 1 1 : 198.820179
1 2 1 1 1 2 : 78.375724
1 2 1 1 1 3 : 49.691521
1 2 1 1 1 4 : 42.897889
1 2 1 1 1 5 : 28.149373
1 2 2 2 2 1 : 78.237633
1 2 2 2 2 2 : 129.845450
1 2 2 2 2 3 : 89.343419
1 2 2 2 2 4 : 131.204847
1 2 2 2 2 5 : 7.892815
1 2 2 2 3 1 : 99.401404
1 2 2 2 3 2 : 5.492115
1 2 2 2 3 3 : 111.298121
1 2 2 2 3 4 : 106.774955
1 2 2 2 3 5 : 22.175438
1 2 2 2 4 1 : 73.866317
1 2 2 2 4 2 : 49.578113
1 2 2 2 4 3 : 52.459123
1 2 2 2 4 4 : 166.364989
1 2 2 2 4 5 : 0.000000
1 4 1 1 4 1 : 39.400537
1 4 1 1 4 2 : 68.881272
1 4 1 1 4 3 : 0.000000
1 4 1 1 4 4 : 63.815265
1 4 1 1 4 5 : 79.935953
1 4 1 4 1 1 : 60.858527
1 4 1 4 1 2 : 28.406664
1 4 1 4 1 3 : 19.160378
1 4 1 4 1 4 : 179.843880
1 4 1 4 1 5 : 9.992627
1 4 1 4 4 1 : 0.000000
1 4 1 4 4 2 : 111.830049
1 4 1 4 4 3 : 113.246703
1 4 1 4 4 4 : 0.000000
1 4 1 4 4 5 : 0.000000
1 4 4 4 1 1 : 51.714429
1 4 4 4 1 2 : 37.102638
1 4 4 4 1 3 : 78.237579
1 4 4 4 1 4 : 102.648341
1 4 4 4 1 5 : 32.491092
1 4 4 4 4 1 : 150.449298
1 4 4 4 4 2 : 33.809554
1 4 4 4 4 3 : 40.299731
1 4 4 4 4 4 : 92.577837
1 4 4 4 4 5 : 0.000000
2 1 1 1 1 1 : 83.694918
2 1 1 1 1 2 : 142.683146
2 1 1 1 1 3 : 137.806505
2 1 1 1 1 4 : 89.784031
2 1 1 1 1 5 : 7.885665
2 1 1 1 2 1 : 129.542075
2 1 1 1 2 2 : 85.017454
2 1 1 1 2 3 : 15.326926
2 1 1 1 2 4 : 78.166249
2 1 1 1 2 5 : 12.717703
2 1 1 2 1 1 : 28.198026
2 1 1 2 1 2 : 69.032927
2 1 1 2 1 3 : 97.007044
2 1 1 2 1 4 : 74.291455
2 1 1 2 1 5 : 0.000000
2 2 2 2 1 1 : 188.802092
2 2 2 2 1 2 : 105.841574
2 2 2 2 1 3 : 102.416716
2 2 2 2 1 4 : 56.471639
2 2 2 2 1 5 : 0.000000
2 2 2 2 2 1 : 122.085151
2 2 2 2 2 2 : 328.645083
2 2 2 2 2 3 : 143.942909
2 2 2 2 2 4 : 91.309642
2 2 2 2 2 5 : 39.167576
2 2 2 2 3 1 : 89.408640
2 2 2 2 3 2 : 171.918299
2 2 2 2 3 3 : 64.626480
2 2 2 2 3 4 : 33.411813
2 2 2 2 3 5 : 0.000000
2 2 2 3 1 1 : 236.929836
2 2 2 3 1 2 : 42.906811
2 2 2 3 1 3 : 62.299610
2 2 2 3 1 4 : 22.431677
2 2 2 3 1 5 : 0.000000
2 2 2 3 3 1 : 167.510519
2 2 2 3 3 2 : 90.325772
2 2 2 3 3 3 : 26.355968
2 2 2 3 3 4 : 51.353817
2 2 2 3 3 5 : 0.000000
2 2 2 4 2 1 : 88.006278
2 2 2 4 2 2 : 86.729570
2 2 2 4 2 3 : 47.541890
2 2 2 4 2 4 : 0.000000
2 2 2 4 2 5 : 53.567455
2 2 3 3 2 1 : 60.969342
2 2 3 3 2 2 : 0.000000
2 2 3 3 2 3 : 32.884735
2 2 3 3 2 4 : 189.160558
2 2 3 3 2 5 : 0.000000
2 2 3 3 3 1 : 26.564213
2 2 3 3 3 2 : 110.079791
2 2 3 3 3 3 : 119.777273
2 2 3 3 3 4 : 103.326188
2 2 3 3 3 5 : 10.405544
2 3 2 2 2 1 : 0.000000
2 3 2 2 2 2 : 0.000000
2 3 2 2 2 3 : 317.024573
2 3 2 2 2 4 : 80.498022
2 3 2 2 2 5 : 0.000000
2 3 3 2 2 1 : 11.039555
2 3 3 2 2 2 : 64.070819
2 3 3 2 2 3 : 71.283610
2 3 3 2 2 4 : 90.944425
2 3 3 2 2 5 : 0.000000
2 3 3 3 3 1 : 38.404046
2 3 3 3 3 2 : 105.257683
2 3 3 3 3 3 : 189.321556
2 3 3 3 3 4 : 0.000000
2 3 3 3 3 5 : 9.316587
2 4 2 4 1 1 : 37.738303
2 4 2 4 1 2 : 32.025474
2 4 2 4 1 3 : 65.801115
2 4 2 4 1 4 : 58.167798
2 4 2 4 1 5 : 71.247885
2 4 2 4 2 1 : 2.134021
2 4 2 4 2 2 : 34.189298
2 4 2 4 2 3 : 0.000000
2 4 2 4 2 4 : 169.003755
2 4 2 4 2 5 : 21.078502
2 4 2 4 3 1 : 85.644603
2 4 2 4 3 2 : 34.960538
2 4 2 4 3 3 : 143.174035
2 4 2 4 3 4 : 0.000000
2 4 2 4 3 5 : 0.000000
2 4 2 4 4 1 : 244.043676
2 4 2 4 4 2 : 0.000000
2 4 2 4 4 3 : 0.000000
2 4 2 4 4 4 : 34.471592
2 4 2 4 4 5 : 31.547726
2 4 4 4 1 1 : 152.707989
2 4 4 4 1 2 : 21.930460
2 4 4 4 1 3 : 37.754730
2 4 4 4 1 4 : 90.085885
2 4 4 4 1 5 : 0.000000
2 4 4 4 4 1 : 84.125852
2 4 4 4 4 2 : 17.402868
2 4 4 4 4 3 : 34.527487
2 4 4 4 4 4 : 176.722688
2 4 4 4 4 5 : 5.623115
3 1 4 4 3 1 : 48.105890
3 1 4 4 3 2 : 83.466762
3 1 4 4 3 3 : 132.043065
3 1 4 4 3 4 : 58.302349
3 1 4 4 3 5 : 13.932838
3 2 2 2 2 1 : 123.978966
3 2 2 2 2 2 : 106.106167
3 2 2 2 2 3 : 0.000000
3 2 2 2 2 4 : 99.277607
3 2 2 2 2 5 : 103.704514
3 2 2 2 3 1 : 127.368496
3 2 2 2 3 2 : 0.000000
3 2 2 2 3 3 : 197.116902
3 2 2 2 3 4 : 0.000000
3 2 2 2 3 5 : 0.000000
3 2 2 3 3 1 : 25.013372
3 2 2 3 3 2 : 151.942389
3 2 2 3 3 3 : 128.523215
3 2 2 3 3 4 : 0.000000
3 2 2 3 3 5 : 0.000000
3 2 3 2 4 1 : 19.881627
3 2 3 2 4 2 : 129.516825
3 2 3 2 4 3 : 132.474340
3 2 3 2 4 4 : 0.000000
3 2 3 2 4 5 : 0.000000
3 2 3 3 2 1 : 42.146450
3 2 3 3 2 2 : 86.904284
3 2 3 3 2 3 : 89.795139
3 2 3 3 2 4 : 79.806422
3 2 3 3 2 5 : 5.120311
3 2 3 3 3 1 : 128.310557
3 2 3 3 3 2 : 134.379664
3 2 3 3 3 3 : 151.906707
3 2 3 3 3 4 : 25.610237
3 2 3 3 3 5 : 13.983708
3 2 4 4 3 1 : 147.494875
3 2 4 4 3 2 : 110.289236
3 2 4 4 3 3 : 49.474702
3 2 4 4 3 4 : 10.469505
3 2 4 4 3 5 : 6.846591
3 2 4 4 4 1 : 24.967040
3 2 4 4 4 2 : 104.622206
3 2 4 4 4 3 : 87.641793
3 2 4 4 4 4 : 45.565346
3 2 4 4 4 5 : 63.480937
3 3 1 4 3 1 : 123.700769
3 3 1 4 3 2 : 48.769746
3 3 1 4 3 3 : 95.918006
3 3 1 4 3 4 : 47.769269
3 3 1 4 3 5 : 0.000000
3 3 1 4 4 1 : 75.057000
3 3 1 4 4 2 : 42.052583
3 3 1 4 4 3 : 130.839995
3 3 1 4 4 4 : 72.503158
3 3 1 4 4 5 : 25.913191
3 3 2 3 2 1 : 13.821146
3 3 2 3 2 2 : 40.965808
3 3 2 3 2 3 : 126.407110
3 3 2 3 2 4 : 61.687133
3 3 2 3 2 5 : 104.848804
3 3 2 3 3 1 : 91.580524
3 3 2 3 3 2 : 99.642613
3 3 2 3 3 3 : 103.106152
3 3 2 3 3 4 : 26.533097
3 3 2 3 3 5 : 87.832556
3 3 2 4 4 1 : 42.709561
3 3 2 4 4 2 : 33.239649
3 3 2 4 4 3 : 69.498920
3 3 2 4 4 4 : 114.276053
3 3 2 4 4 5 : 72.389235
3 3 3 1 4 1 : 27.879943
3 3 3 1 4 2 : 0.000000
3 3 3 1 4 3 : 158.957324
3 3 3 1 4 4 : 248.210238
3 3 3 1 4 5 : 0.000000
3 3 3 2 3 1 : 0.000000
3 3 3 2 3 2 : 0.000000
3 3 3 2 3 3 : 230.479098
3 3 3 2 3 4 : 23.371273
3 3 3 2 3 5 : 58.091822
3 3 3 2 4 1 : 42.538298
3 3 3 2 4 2 : 25.741410
3 3 3 2 4 3 : 69.993855
3 3 3 2 4 4 : 115.437911
3 3 3 2 4 5 : 118.294407
3 3 3 3 1 1 : 79.062977
3 3 3 3 1 2 : 36.343402
3 3 3 3 1 3 : 138.757139
3 3 3 3 1 4 : 85.743905
3 3 3 3 1 5 : 0.047135
3 3 3 3 3 1 : 11.718516
3 3 3 3 3 2 : 81.347718
3 3 3 3 3 3 : 99.990377
3 3 3 3 3 4 : 54.087120
3 3 3 3 3 5 : 79.835813
3 3 3 3 4 1 : 105.273981
3 3 3 3 4 2 : 31.482237
3 3 3 3 4 3 : 57.119396
3 3 3 3 4 4 : 178.769359
3 3 3 3 4 5 : 2.151679
4 1 1 1 1 1 : 38.206426
4 1 1 1 1 2 : 135.062855
4 1 1 1 1 3 : 104.512226
4 1 1 1 1 4 : 157.296132
4 1 1 1 1 5 : 61.169764
4 1 1 1 2 1 : 92.212912
4 1 1 1 2 2 : 60.790916
4 1 1 1 2 3 : 0.000000
4 1 1 1 2 4 : 103.587429
4 1 1 1 2 5 : 75.109721
4 1 1 1 4 1 : 143.638550
4 1 1 1 4 2 : 76.076590
4 1 1 1 4 3 : 0.000000
4 1 1 1 4 4 : 79.507200
4 1 1 1 4 5 : 66.764624
4 1 1 4 4 1 : 111.082480
4 1 1 4 4 2 : 47.398107
4 1 1 4 4 3 : 0.000000
4 1 1 4 4 4 : 85.747632
4 1 1 4 4 5 : 0.000000
4 3 2 4 4 1 : 0.000000
4 3 2 4 4 2 : 111.275755
4 3 2 4 4 3 : 0.000000
4 3 2 4 4 4 : 168.242893
4 3 2 4 4 5 : 28.680285
4 3 3 2 3 1 : 43.449790
4 3 3 2 3 2 : 65.645546
4 3 3 2 3 3 : 80.903215
4 3 3 2 3 4 : 73.127716
4 3 3 2 3 5 : 0.000000
4 3 3 2 4 1 : 0.000000
4 3 3 2 4 2 : 0.000000
4 3 3 2 4 3 : 183.025974
4 3 3 2 4 4 : 95.928968
4 3 3 2 4 5 : 0.000000
4 3 3 3 3 1 : 32.850295
4 3 3 3 3 2 : 58.869213
4 3 3 3 3 3 : 140.429672
4 3 3 3 3 4 : 95.736301
4 3 3 3 3 5 : 24.659939
4 4 1 1 1 1 : 116.646203
4 4 1 1 1 2 : 55.192636
4 4 1 1 1 3 : 60.875385
4 4 1 1 1 4 : 103.452525
4 4 1 1 1 5 : 18.506481
4 4 1 1 4 1 : 199.706604
4 4 1 1 4 2 : 0.000000
4 4 1 1 4 3 : 38.938326
4 4 1 1 4 4 : 35.649697
4 4 1 1 4 5 : 52.750849
4 4 1 4 4 1 : 81.268184
4 4 1 4 4 2 : 0.000000
4 4 1 4 4 3 : 98.944530
4 4 1 4 4 4 : 171.574605
4 4 1 4 4 5 : 46.651532
4 4 4 1 3 1 : 42.051119
4 4 4 1 3 2 : 0.000000
4 4 4 1 3 3 : 0.000000
4 4 4 1 3 4 : 254.212896
4 4 4 1 3 5 : 0.000000
4 4 4 1 4 1 : 110.675779
4 4 4 1 4 2 : 107.834582
4 4 4 1 4 3 : 31.570274
4 4 4 1 4 4 : 82.471916
4 4 4 1 4 5 : 19.613676
4 4 4 4 1 1 : 155.410524
4 4 4 4 1 2 : 0.000000
4 4 4 4 1 3 : 89.689511
4 4 4 4 1 4 : 55.400877
4 4 4 4 1 5 : 26.066679
4 4 4 4 3 1 : 46.885446
4 4 4 4 3 2 : 180.424797
4 4 4 4 3 3 : 60.781274
4 4 4 4 3 4 : 0.071841
4 4 4 4 3 5 : 0.000000
4 4 4 4 4 1 : 0.000000
4 4 4 4 4 2 : 0.000000
4 4 4 4 4 3 : 143.936884
4 4 4 4 4 4 : 79.163902
4 4 4 4 4 5 : 0.000000
