1777
1 : 55718.000000
2 : 53918.000000
3 : 51935.000000
4 : 50289.000000
1 1 : 17568.000000
1 2 : 12025.000000
1 3 : 10006.000000
1 4 : 14176.000000
1 5 : 1941.000000
2 1 : 10072.000000
2 2 : 15894.000000
2 3 : 12400.000000
2 4 : 13637.000000
2 5 : 1913.000000
3 1 : 14142.000000
3 2 : 14305.000000
3 3 : 15303.000000
3 4 : 6528.000000
3 5 : 1656.000000
4 1 : 12166.000000
4 2 : 9775.000000
4 3 : 12494.000000
4 4 : 14241.000000
4 5 : 1611.000000
1 1 1 : 6534.000000
1 1 2 : 3999.000000
1 1 3 : 2718.000000
1 1 4 : 3952.000000
1 1 5 : 364.000000
1 2 1 : 2934.000000
1 2 2 : 3640.000000
1 2 3 : 2397.000000
1 2 4 : 2640.000000
1 2 5 : 412.000000
1 3 1 : 3276.000000
1 3 2 : 2923.000000
1 3 3 : 2364.000000
1 3 4 : 1066.000000
1 3 5 : 375.000000
1 4 1 : 3703.000000
1 4 2 : 2883.000000
1 4 3 : 3316.000000
1 4 4 : 3776.000000
1 4 5 : 496.000000
2 1 1 : 3276.000000
2 1 2 : 2717.000000
2 1 3 : 1775.000000
2 1 4 : 1964.000000
2 1 5 : 337.000000
2 2 1 : 3046.000000
2 2 2 : 5537.000000
2 2 3 : 3594.000000
2 2 4 : 3205.000000
2 2 5 : 509.000000
2 3 1 : 3092.000000
2 3 2 : 3731.000000
2 3 3 : 3756.000000
2 3 4 : 1232.000000
2 3 5 : 588.000000
2 4 1 : 3285.000000
2 4 2 : 3108.000000
2 4 3 : 3137.000000
2 4 4 : 3616.000000
2 4 5 : 489.000000
3 1 1 : 3424.000000
3 1 2 : 2898.000000
3 1 3 : 3112.000000
3 1 4 : 4208.000000
3 1 5 : 498.000000
3 2 1 : 2187.000000
3 2 2 : 3528.000000
3 2 3 : 3926.000000
3 2 4 : 4193.000000
3 2 5 : 467.000000
3 3 1 : 3804.000000
3 3 2 : 4088.000000
3 3 3 : 4889.000000
3 3 4 : 2061.000000
3 3 5 : 458.000000
3 4 1 : 1128.000000
3 4 2 : 1150.000000
3 4 3 : 2219.000000
3 4 4 : 1821.000000
3 4 5 : 209.000000
4 1 1 : 3725.000000
4 1 2 : 2261.000000
4 1 3 : 2042.000000
4 1 4 : 3748.000000
4 1 5 : 387.000000
4 2 1 : 1727.000000
4 2 2 : 2404.000000
4 2 3 : 2115.000000
4 2 4 : 2963.000000
4 2 5 : 565.000000
4 3 1 : 3151.000000
4 3 2 : 3186.000000
4 3 3 : 3651.000000
4 3 4 : 2100.000000
4 3 5 : 405.000000
4 4 1 : 3562.000000
4 4 2 : 2363.000000
4 4 3 : 3623.000000
4 4 4 : 4182.000000
4 4 5 : 508.000000
1 1 1 1 : 2361.000000
1 1 1 2 : 1674.000000
1 1 1 3 : 948.000000
1 1 1 4 : 1414.000000
1 1 1 5 : 135.000000
1 1 2 1 : 1130.000000
1 1 2 2 : 1105.000000
1 1 2 3 : 719.000000
1 1 2 4 : 906.000000
1 1 2 5 : 137.000000
1 1 3 1 : 725.000000
1 1 3 2 : 906.000000
1 1 3 3 : 694.000000
1 1 3 4 : 289.000000
1 1 3 5 : 101.000000
1 1 4 1 : 1018.000000
1 1 4 2 : 898.000000
1 1 4 3 : 810.000000
1 1 4 4 : 1085.000000
1 1 4 5 : 138.000000
1 2 1 1 : 1029.000000
1 2 1 2 : 770.000000
1 2 1 3 : 555.000000
1 2 1 4 : 480.000000
1 2 1 5 : 98.000000
1 2 2 1 : 848.000000
1 2 2 2 : 1443.000000
1 2 2 3 : 710.000000
1 2 2 4 : 521.000000
1 2 2 5 : 116.000000
1 2 3 1 : 795.000000
1 2 3 2 : 526.000000
1 2 3 3 : 723.000000
1 2 3 4 : 238.000000
1 2 3 5 : 113.000000
1 2 4 1 : 726.000000
1 2 4 2 : 630.000000
1 2 4 3 : 482.000000
1 2 4 4 : 705.000000
1 2 4 5 : 94.000000
1 3 1 1 : 939.000000
1 3 1 2 : 625.000000
1 3 1 3 : 708.000000
1 3 1 4 : 887.000000
1 3 1 5 : 115.000000
1 3 2 1 : 541.000000
1 3 2 2 : 918.000000
1 3 2 3 : 645.000000
1 3 2 4 : 723.000000
1 3 2 5 : 95.000000
1 3 3 1 : 624.000000
1 3 3 2 : 673.000000
1 3 3 3 : 677.000000
1 3 3 4 : 318.000000
1 3 3 5 : 70.000000
1 3 4 1 : 184.000000
1 3 4 2 : 187.000000
1 3 4 3 : 362.000000
1 3 4 4 : 297.000000
1 3 4 5 : 34.000000
1 4 1 1 : 1056.000000
1 4 1 2 : 711.000000
1 4 1 3 : 657.000000
1 4 1 4 : 1159.000000
1 4 1 5 : 117.000000
1 4 2 1 : 665.000000
1 4 2 2 : 682.000000
1 4 2 3 : 608.000000
1 4 2 4 : 759.000000
1 4 2 5 : 166.000000
1 4 3 1 : 855.000000
1 4 3 2 : 804.000000
1 4 3 3 : 1091.000000
1 4 3 4 : 457.000000
1 4 3 5 : 107.000000
1 4 4 1 : 903.000000
1 4 4 2 : 657.000000
1 4 4 3 : 991.000000
1 4 4 4 : 1089.000000
1 4 4 5 : 134.000000
2 1 1 1 : 1267.000000
2 1 1 2 : 949.000000
2 1 1 3 : 471.000000
2 1 1 4 : 521.000000
2 1 1 5 : 67.000000
2 1 2 1 : 709.000000
2 1 2 2 : 917.000000
2 1 2 3 : 501.000000
2 1 2 4 : 496.000000
2 1 2 5 : 93.000000
2 1 3 1 : 587.000000
2 1 3 2 : 330.000000
2 1 3 3 : 330.000000
2 1 3 4 : 460.000000
2 1 3 5 : 66.000000
2 1 4 1 : 612.000000
2 1 4 2 : 403.000000
2 1 4 3 : 377.000000
2 1 4 4 : 501.000000
2 1 4 5 : 68.000000
2 2 1 1 : 947.000000
2 2 1 2 : 823.000000
2 2 1 3 : 572.000000
2 2 1 4 : 599.000000
2 2 1 5 : 102.000000
2 2 2 1 : 1047.000000
2 2 2 2 : 1973.000000
2 2 2 3 : 1293.000000
2 2 2 4 : 1045.000000
2 2 2 5 : 177.000000
2 2 3 1 : 851.000000
2 2 3 2 : 1120.000000
2 2 3 3 : 1094.000000
2 2 3 4 : 357.000000
2 2 3 5 : 170.000000
2 2 4 1 : 776.000000
2 2 4 2 : 845.000000
2 2 4 3 : 645.000000
2 2 4 4 : 822.000000
2 2 4 5 : 115.000000
2 3 1 1 : 566.000000
2 3 1 2 : 693.000000
2 3 1 3 : 721.000000
2 3 1 4 : 1002.000000
2 3 1 5 : 109.000000
2 3 2 1 : 589.000000
2 3 2 2 : 1092.000000
2 3 2 3 : 1032.000000
2 3 2 4 : 894.000000
2 3 2 5 : 122.000000
2 3 3 1 : 895.000000
2 3 3 2 : 1069.000000
2 3 3 3 : 1172.000000
2 3 3 4 : 505.000000
2 3 3 5 : 112.000000
2 3 4 1 : 338.000000
2 3 4 2 : 217.000000
2 3 4 3 : 293.000000
2 3 4 4 : 343.000000
2 3 4 5 : 39.000000
2 4 1 1 : 1030.000000
2 4 1 2 : 589.000000
2 4 1 3 : 634.000000
2 4 1 4 : 925.000000
2 4 1 5 : 104.000000
2 4 2 1 : 493.000000
2 4 2 2 : 766.000000
2 4 2 3 : 563.000000
2 4 2 4 : 1104.000000
2 4 2 5 : 179.000000
2 4 3 1 : 859.000000
2 4 3 2 : 774.000000
2 4 3 3 : 1067.000000
2 4 3 4 : 334.000000
2 4 3 5 : 101.000000
2 4 4 1 : 780.000000
2 4 4 2 : 731.000000
2 4 4 3 : 882.000000
2 4 4 4 : 1092.000000
2 4 4 5 : 129.000000
3 1 1 1 : 1235.000000
3 1 1 2 : 637.000000
3 1 1 3 : 648.000000
3 1 1 4 : 831.000000
3 1 1 5 : 70.000000
3 1 2 1 : 582.000000
3 1 2 2 : 857.000000
3 1 2 3 : 635.000000
3 1 2 4 : 722.000000
3 1 2 5 : 99.000000
3 1 3 1 : 902.000000
3 1 3 2 : 881.000000
3 1 3 3 : 880.000000
3 1 3 4 : 331.000000
3 1 3 5 : 116.000000
3 1 4 1 : 859.000000
3 1 4 2 : 800.000000
3 1 4 3 : 1121.000000
3 1 4 4 : 1279.000000
3 1 4 5 : 147.000000
3 2 1 1 : 649.000000
3 2 1 2 : 419.000000
3 2 1 3 : 517.000000
3 2 1 4 : 527.000000
3 2 1 5 : 73.000000
3 2 2 1 : 405.000000
3 2 2 2 : 1284.000000
3 2 2 3 : 1003.000000
3 2 2 4 : 722.000000
3 2 2 5 : 113.000000
3 2 3 1 : 878.000000
3 2 3 2 : 1176.000000
3 2 3 3 : 1269.000000
3 2 3 4 : 416.000000
3 2 3 5 : 186.000000
3 2 4 1 : 949.000000
3 2 4 2 : 887.000000
3 2 4 3 : 1014.000000
3 2 4 4 : 1191.000000
3 2 4 5 : 150.000000
3 3 1 1 : 822.000000
3 3 1 2 : 804.000000
3 3 1 3 : 881.000000
3 3 1 4 : 1161.000000
3 3 1 5 : 134.000000
3 3 2 1 : 664.000000
3 3 2 2 : 907.000000
3 3 2 3 : 1214.000000
3 3 2 4 : 1168.000000
3 3 2 5 : 133.000000
3 3 3 1 : 1425.000000
3 3 3 2 : 1173.000000
3 3 3 3 : 1427.000000
3 3 3 4 : 716.000000
3 3 3 5 : 146.000000
3 3 4 1 : 291.000000
3 3 4 2 : 363.000000
3 3 4 3 : 708.000000
3 3 4 4 : 632.000000
3 3 4 5 : 66.000000
3 4 1 1 : 193.000000
3 4 1 2 : 341.000000
3 4 1 3 : 141.000000
3 4 1 4 : 408.000000
3 4 1 5 : 42.000000
3 4 2 1 : 38.000000
3 4 2 2 : 263.000000
3 4 2 3 : 393.000000
3 4 2 4 : 427.000000
3 4 2 5 : 27.000000
3 4 3 1 : 349.000000
3 4 3 2 : 435.000000
3 4 3 3 : 752.000000
3 4 3 4 : 609.000000
3 4 3 5 : 71.000000
3 4 4 1 : 376.000000
3 4 4 2 : 288.000000
3 4 4 3 : 527.000000
3 4 4 4 : 564.000000
3 4 4 5 : 65.000000
4 1 1 1 : 1431.000000
4 1 1 2 : 865.000000
4 1 1 3 : 462.000000
4 1 1 4 : 888.000000
4 1 1 5 : 77.000000
4 1 2 1 : 438.000000
4 1 2 2 : 582.000000
4 1 2 3 : 567.000000
4 1 2 4 : 596.000000
4 1 2 5 : 77.000000
4 1 3 1 : 584.000000
4 1 3 2 : 581.000000
4 1 3 3 : 582.000000
4 1 3 4 : 217.000000
4 1 3 5 : 76.000000
4 1 4 1 : 1142.000000
4 1 4 2 : 687.000000
4 1 4 3 : 690.000000
4 1 4 4 : 1097.000000
4 1 4 5 : 131.000000
4 2 1 1 : 468.000000
4 2 1 2 : 428.000000
4 2 1 3 : 337.000000
4 2 1 4 : 434.000000
4 2 1 5 : 57.000000
4 2 2 1 : 519.000000
4 2 2 2 : 707.000000
4 2 2 3 : 489.000000
4 2 2 4 : 610.000000
4 2 2 5 : 77.000000
4 2 3 1 : 504.000000
4 2 3 2 : 697.000000
4 2 3 3 : 603.000000
4 2 3 4 : 210.000000
4 2 3 5 : 100.000000
4 2 4 1 : 670.000000
4 2 4 2 : 718.000000
4 2 4 3 : 608.000000
4 2 4 4 : 860.000000
4 2 4 5 : 106.000000
4 3 1 1 : 751.000000
4 3 1 2 : 634.000000
4 3 1 3 : 576.000000
4 3 1 4 : 1078.000000
4 3 1 5 : 111.000000
4 3 2 1 : 470.000000
4 3 2 2 : 708.000000
4 3 2 3 : 818.000000
4 3 2 4 : 1084.000000
4 3 2 5 : 104.000000
4 3 3 1 : 851.000000
4 3 3 2 : 930.000000
4 3 3 3 : 1207.000000
4 3 3 4 : 552.000000
4 3 3 5 : 109.000000
4 3 4 1 : 316.000000
4 3 4 2 : 334.000000
4 3 4 3 : 796.000000
4 3 4 4 : 585.000000
4 3 4 5 : 67.000000
4 4 1 1 : 1094.000000
4 4 1 2 : 589.000000
4 4 1 3 : 403.000000
4 4 1 4 : 1360.000000
4 4 1 5 : 113.000000
4 4 2 1 : 364.000000
4 4 2 2 : 476.000000
4 4 2 3 : 534.000000
4 4 2 4 : 850.000000
4 4 2 5 : 136.000000
4 4 3 1 : 1202.000000
4 4 3 2 : 1216.000000
4 4 3 3 : 433.000000
4 4 3 4 : 653.000000
4 4 3 5 : 117.000000
4 4 4 1 : 1308.000000
4 4 4 2 : 753.000000
4 4 4 3 : 901.000000
4 4 4 4 : 1068.000000
4 4 4 5 : 149.000000
1 1 1 1 1 : 992.000000
1 1 1 1 2 : 552.000000
1 1 1 1 3 : 305.000000
1 1 1 1 4 : 461.000000
1 1 1 1 5 : 48.000000
1 1 1 2 1 : 502.000000
1 1 1 2 2 : 459.000000
1 1 1 2 3 : 301.000000
1 1 1 2 4 : 353.000000
1 1 1 2 5 : 57.000000
1 1 1 3 1 : 253.000000
1 1 1 3 2 : 316.000000
1 1 1 3 3 : 242.000000
1 1 1 3 4 : 101.000000
1 1 1 3 5 : 35.000000
1 1 1 4 1 : 425.000000
1 1 1 4 2 : 321.000000
1 1 1 4 3 : 290.000000
1 1 1 4 4 : 327.000000
1 1 1 4 5 : 49.000000
1 1 2 1 1 : 378.000000
1 1 2 1 2 : 296.000000
1 1 2 1 3 : 231.000000
1 1 2 1 4 : 185.000000
1 1 2 1 5 : 37.000000
1 1 2 3 1 : 236.000000
1 1 2 3 2 : 121.000000
1 1 2 3 3 : 245.000000
1 1 2 3 4 : 86.000000
1 1 2 3 5 : 29.000000
1 1 2 4 1 : 223.000000
1 1 2 4 2 : 178.000000
1 1 2 4 3 : 196.000000
1 1 2 4 4 : 138.000000
1 1 2 4 5 : 169.000000
1 1 3 1 1 : 175.000000
1 1 3 1 2 : 163.000000
1 1 3 1 3 : 159.000000
1 1 3 1 4 : 130.000000
1 1 3 1 5 : 96.000000
1 1 3 2 1 : 108.000000
1 1 3 2 2 : 310.000000
1 1 3 2 3 : 254.000000
1 1 3 2 4 : 227.000000
1 1 3 2 5 : 5.000000
1 1 3 3 1 : 223.000000
1 1 3 3 2 : 130.000000
1 1 3 3 3 : 320.000000
1 1 3 3 4 : 15.000000
1 1 3 3 5 : 3.000000
1 1 4 1 1 : 333.000000
1 1 4 1 2 : 172.000000
1 1 4 1 3 : 249.000000
1 1 4 1 4 : 263.000000
1 1 4 2 1 : 175.000000
1 1 4 2 2 : 230.000000
1 1 4 2 3 : 110.000000
1 1 4 2 4 : 251.000000
1 1 4 2 5 : 130.000000
1 1 4 3 1 : 295.000000
1 1 4 3 2 : 154.000000
1 1 4 3 3 : 229.000000
1 1 4 3 4 : 114.000000
1 1 4 3 5 : 17.000000
1 1 4 4 1 : 289.000000
1 1 4 4 2 : 249.000000
1 1 4 4 3 : 239.000000
1 1 4 4 4 : 308.000000
1 2 1 1 1 : 397.000000
1 2 1 1 2 : 298.000000
1 2 1 1 3 : 147.000000
1 2 1 1 4 : 163.000000
1 2 1 1 5 : 21.000000
1 2 1 2 1 : 129.000000
1 2 1 2 2 : 234.000000
1 2 1 2 3 : 217.000000
1 2 1 2 4 : 131.000000
1 2 1 2 5 : 57.000000
1 2 1 3 1 : 177.000000
1 2 1 3 2 : 191.000000
1 2 1 3 3 : 186.000000
1 2 1 4 1 : 43.000000
1 2 1 4 2 : 129.000000
1 2 1 4 3 : 199.000000
1 2 1 4 4 : 98.000000
1 2 1 4 5 : 9.000000
1 2 2 1 1 : 412.000000
1 2 2 1 2 : 227.000000
1 2 2 1 3 : 49.000000
1 2 2 1 4 : 159.000000
1 2 2 2 1 : 273.000000
1 2 2 2 2 : 436.000000
1 2 2 2 3 : 345.000000
1 2 2 2 4 : 342.000000
1 2 2 2 5 : 46.000000
1 2 2 3 1 : 281.000000
1 2 2 3 2 : 181.000000
1 2 2 3 3 : 247.000000
1 2 2 4 1 : 118.000000
1 2 2 4 2 : 52.000000
1 2 2 4 3 : 226.000000
1 2 2 4 4 : 60.000000
1 2 2 4 5 : 65.000000
1 2 3 1 1 : 132.000000
1 2 3 1 2 : 136.000000
1 2 3 1 3 : 150.000000
1 2 3 1 4 : 329.000000
1 2 3 1 5 : 46.000000
1 2 3 2 2 : 120.000000
1 2 3 2 3 : 102.000000
1 2 3 2 4 : 296.000000
1 2 3 2 5 : 6.000000
1 2 3 3 1 : 157.000000
1 2 3 3 2 : 205.000000
1 2 3 3 3 : 213.000000
1 2 3 3 4 : 146.000000
1 2 4 1 1 : 150.000000
1 2 4 1 2 : 161.000000
1 2 4 1 3 : 170.000000
1 2 4 1 4 : 190.000000
1 2 4 1 5 : 54.000000
1 2 4 2 1 : 124.000000
1 2 4 2 2 : 215.000000
1 2 4 2 3 : 92.000000
1 2 4 2 4 : 184.000000
1 2 4 2 5 : 13.000000
1 2 4 3 1 : 106.000000
1 2 4 3 2 : 121.000000
1 2 4 3 3 : 104.000000
1 2 4 3 4 : 135.000000
1 2 4 3 5 : 15.000000
1 2 4 4 1 : 117.000000
1 2 4 4 2 : 195.000000
1 2 4 4 3 : 209.000000
1 2 4 4 4 : 139.000000
1 2 4 4 5 : 43.000000
1 3 1 1 1 : 332.000000
1 3 1 1 2 : 395.000000
1 3 1 1 3 : 102.000000
1 3 1 1 4 : 108.000000
1 3 1 2 1 : 113.000000
1 3 1 2 2 : 297.000000
1 3 1 2 3 : 146.000000
1 3 1 2 4 : 67.000000
1 3 1 3 1 : 202.000000
1 3 1 3 2 : 118.000000
1 3 1 3 3 : 156.000000
1 3 1 3 4 : 231.000000
1 3 1 4 1 : 400.000000
1 3 1 4 2 : 112.000000
1 3 1 4 3 : 173.000000
1 3 1 4 4 : 201.000000
1 3 2 1 1 : 179.000000
1 3 2 1 2 : 122.000000
1 3 2 1 3 : 167.000000
1 3 2 1 4 : 57.000000
1 3 2 1 5 : 14.000000
1 3 2 2 1 : 145.000000
1 3 2 2 2 : 315.000000
1 3 2 2 3 : 299.000000
1 3 2 2 4 : 157.000000
1 3 2 3 1 : 178.000000
1 3 2 3 2 : 149.000000
1 3 2 3 3 : 143.000000
1 3 2 3 4 : 136.000000
1 3 2 3 5 : 36.000000
1 3 2 4 1 : 214.000000
1 3 2 4 2 : 79.000000
1 3 2 4 3 : 202.000000
1 3 2 4 4 : 226.000000
1 3 3 1 1 : 82.000000
1 3 3 1 2 : 237.000000
1 3 3 1 3 : 75.000000
1 3 3 1 4 : 181.000000
1 3 3 1 5 : 47.000000
1 3 3 2 1 : 179.000000
1 3 3 2 2 : 112.000000
1 3 3 2 3 : 168.000000
1 3 3 2 4 : 193.000000
1 3 3 2 5 : 18.000000
1 3 3 3 1 : 136.000000
1 3 3 3 2 : 135.000000
1 3 3 3 3 : 199.000000
1 3 3 3 4 : 79.000000
1 3 3 3 5 : 127.000000
1 3 4 3 2 : 174.000000
1 3 4 3 3 : 25.000000
1 3 4 3 5 : 162.000000
1 4 1 1 1 : 405.000000
1 4 1 1 2 : 245.000000
1 4 1 1 3 : 131.000000
1 4 1 1 4 : 252.000000
1 4 1 1 5 : 21.000000
1 4 1 2 1 : 66.000000
1 4 1 2 2 : 210.000000
1 4 1 2 3 : 216.000000
1 4 1 2 4 : 217.000000
1 4 1 3 1 : 222.000000
1 4 1 3 2 : 84.000000
1 4 1 3 3 : 141.000000
1 4 1 3 4 : 52.000000
1 4 1 3 5 : 156.000000
1 4 1 4 1 : 298.000000
1 4 1 4 2 : 212.000000
1 4 1 4 3 : 213.000000
1 4 1 4 4 : 225.000000
1 4 1 4 5 : 210.000000
1 4 2 1 1 : 206.000000
1 4 2 1 2 : 232.000000
1 4 2 1 3 : 71.000000
1 4 2 1 4 : 138.000000
1 4 2 1 5 : 16.000000
1 4 2 2 1 : 68.000000
1 4 2 2 2 : 279.000000
1 4 2 2 3 : 125.000000
1 4 2 2 4 : 169.000000
1 4 2 2 5 : 39.000000
1 4 2 3 1 : 155.000000
1 4 2 3 2 : 213.000000
1 4 2 3 3 : 150.000000
1 4 2 3 4 : 74.000000
1 4 2 3 5 : 14.000000
1 4 2 4 1 : 204.000000
1 4 2 4 2 : 206.000000
1 4 2 4 3 : 211.000000
1 4 2 4 4 : 136.000000
1 4 3 1 1 : 236.000000
1 4 3 1 2 : 220.000000
1 4 3 1 3 : 181.000000
1 4 3 1 4 : 216.000000
1 4 3 2 1 : 54.000000
1 4 3 2 2 : 160.000000
1 4 3 2 3 : 278.000000
1 4 3 2 4 : 287.000000
1 4 3 2 5 : 24.000000
1 4 3 3 1 : 435.000000
1 4 3 3 2 : 249.000000
1 4 3 3 3 : 376.000000
1 4 3 3 4 : 29.000000
1 4 3 4 2 : 99.000000
1 4 3 4 3 : 252.000000
1 4 3 4 4 : 105.000000
1 4 4 1 1 : 332.000000
1 4 4 1 2 : 199.000000
1 4 4 1 3 : 115.000000
1 4 4 1 4 : 244.000000
1 4 4 1 5 : 11.000000
1 4 4 2 1 : 139.000000
1 4 4 2 2 : 138.000000
1 4 4 2 3 : 124.000000
1 4 4 2 4 : 123.000000
1 4 4 2 5 : 131.000000
1 4 4 3 1 : 290.000000
1 4 4 3 2 : 275.000000
1 4 4 3 3 : 199.000000
1 4 4 3 4 : 210.000000
1 4 4 3 5 : 15.000000
1 4 4 4 1 : 302.000000
1 4 4 4 2 : 196.000000
1 4 4 4 3 : 234.000000
1 4 4 4 4 : 317.000000
1 4 4 4 5 : 38.000000
2 1 1 1 1 : 461.000000
2 1 1 1 2 : 320.000000
2 1 1 1 3 : 183.000000
2 1 1 1 4 : 274.000000
2 1 1 1 5 : 26.000000
2 1 1 2 1 : 268.000000
2 1 1 2 2 : 262.000000
2 1 1 2 3 : 170.000000
2 1 1 2 4 : 215.000000
2 1 1 2 5 : 32.000000
2 1 1 3 1 : 63.000000
2 1 1 3 2 : 221.000000
2 1 1 3 3 : 98.000000
2 1 1 3 4 : 68.000000
2 1 1 3 5 : 19.000000
2 1 1 4 1 : 82.000000
2 1 1 4 2 : 130.000000
2 1 1 4 3 : 173.000000
2 1 1 4 4 : 91.000000
2 1 1 4 5 : 42.000000
2 1 2 1 1 : 269.000000
2 1 2 1 2 : 291.000000
2 1 2 1 3 : 107.000000
2 1 2 1 4 : 21.000000
2 1 2 1 5 : 18.000000
2 1 2 2 1 : 257.000000
2 1 2 2 2 : 353.000000
2 1 2 2 3 : 87.000000
2 1 2 2 4 : 183.000000
2 1 2 2 5 : 34.000000
2 1 2 3 1 : 127.000000
2 1 2 3 2 : 190.000000
2 1 2 3 3 : 144.000000
2 1 2 3 5 : 38.000000
2 1 2 4 1 : 194.000000
2 1 2 4 2 : 169.000000
2 1 2 4 4 : 132.000000
2 1 3 1 1 : 276.000000
2 1 3 1 2 : 29.000000
2 1 3 1 3 : 129.000000
2 1 3 1 4 : 142.000000
2 1 3 1 5 : 9.000000
2 1 3 2 1 : 28.000000
2 1 3 2 2 : 129.000000
2 1 3 2 3 : 73.000000
2 1 3 2 4 : 99.000000
2 1 3 3 1 : 77.000000
2 1 3 3 2 : 106.000000
2 1 3 3 3 : 95.000000
2 1 3 3 4 : 51.000000
2 1 3 4 1 : 201.000000
2 1 3 4 3 : 190.000000
2 1 3 4 4 : 67.000000
2 1 4 1 1 : 216.000000
2 1 4 1 2 : 130.000000
2 1 4 1 3 : 68.000000
2 1 4 1 4 : 143.000000
2 1 4 1 5 : 53.000000
2 1 4 2 1 : 182.000000
2 1 4 2 2 : 49.000000
2 1 4 2 3 : 138.000000
2 1 4 2 5 : 32.000000
2 1 4 3 1 : 66.000000
2 1 4 3 2 : 73.000000
2 1 4 3 3 : 139.000000
2 1 4 3 4 : 87.000000
2 1 4 3 5 : 10.000000
2 1 4 4 1 : 384.000000
2 1 4 4 2 : 35.000000
2 1 4 4 3 : 54.000000
2 1 4 4 4 : 21.000000
2 1 4 4 5 : 5.000000
2 2 1 1 1 : 370.000000
2 2 1 1 2 : 291.000000
2 2 1 1 3 : 27.000000
2 2 1 1 4 : 142.000000
2 2 1 1 5 : 115.000000
2 2 1 2 1 : 239.000000
2 2 1 2 2 : 266.000000
2 2 1 2 3 : 126.000000
2 2 1 2 4 : 168.000000
2 2 1 2 5 : 21.000000
2 2 1 3 1 : 294.000000
2 2 1 3 2 : 158.000000
2 2 1 3 3 : 119.000000
2 2 1 4 1 : 294.000000
2 2 1 4 2 : 228.000000
2 2 1 4 3 : 76.000000
2 2 2 2 1 : 453.000000
2 2 2 2 2 : 725.000000
2 2 2 2 3 : 359.000000
2 2 2 2 4 : 372.000000
2 2 2 2 5 : 63.000000
2 2 2 3 1 : 364.000000
2 2 2 3 2 : 403.000000
2 2 2 3 3 : 335.000000
2 2 2 3 4 : 128.000000
2 2 2 3 5 : 61.000000
2 2 2 4 1 : 253.000000
2 2 2 4 2 : 275.000000
2 2 2 4 3 : 210.000000
2 2 2 4 4 : 268.000000
2 2 2 4 5 : 37.000000
2 2 3 1 1 : 271.000000
2 2 3 1 2 : 150.000000
2 2 3 1 3 : 149.000000
2 2 3 1 4 : 225.000000
2 2 3 1 5 : 54.000000
2 2 3 3 1 : 260.000000
2 2 3 3 2 : 283.000000
2 2 3 3 3 : 370.000000
2 2 3 3 4 : 147.000000
2 2 3 3 5 : 32.000000
2 2 4 1 1 : 308.000000
2 2 4 1 2 : 125.000000
2 2 4 1 3 : 23.000000
2 2 4 1 4 : 255.000000
2 2 4 1 5 : 62.000000
2 2 4 2 1 : 162.000000
2 2 4 2 2 : 338.000000
2 2 4 2 3 : 87.000000
2 2 4 2 4 : 227.000000
2 2 4 2 5 : 30.000000
2 2 4 3 1 : 127.000000
2 2 4 3 2 : 188.000000
2 2 4 3 3 : 174.000000
2 2 4 3 4 : 83.000000
2 2 4 3 5 : 72.000000
2 2 4 4 1 : 201.000000
2 2 4 4 2 : 202.000000
2 2 4 4 3 : 141.000000
2 2 4 4 4 : 276.000000
2 3 1 1 1 : 192.000000
2 3 1 1 2 : 89.000000
2 3 1 1 3 : 115.000000
2 3 1 1 4 : 146.000000
2 3 1 1 5 : 22.000000
2 3 1 2 1 : 206.000000
2 3 1 2 2 : 269.000000
2 3 1 2 3 : 132.000000
2 3 1 2 4 : 67.000000
2 3 1 2 5 : 17.000000
2 3 1 3 1 : 264.000000
2 3 1 3 2 : 190.000000
2 3 1 3 3 : 266.000000
2 3 1 4 1 : 180.000000
2 3 1 4 2 : 291.000000
2 3 1 4 3 : 231.000000
2 3 1 4 4 : 259.000000
2 3 1 4 5 : 38.000000
2 3 2 1 1 : 119.000000
2 3 2 1 2 : 105.000000
2 3 2 1 3 : 133.000000
2 3 2 1 4 : 107.000000
2 3 2 1 5 : 123.000000
2 3 2 2 1 : 125.000000
2 3 2 2 2 : 397.000000
2 3 2 2 3 : 310.000000
2 3 2 2 4 : 223.000000
2 3 2 2 5 : 35.000000
2 3 2 3 1 : 342.000000
2 3 2 3 2 : 335.000000
2 3 2 3 3 : 304.000000
2 3 2 3 4 : 50.000000
2 3 2 4 1 : 218.000000
2 3 2 4 2 : 174.000000
2 3 2 4 3 : 246.000000
2 3 2 4 4 : 254.000000
2 3 3 1 1 : 279.000000
2 3 3 1 2 : 179.000000
2 3 3 1 3 : 166.000000
2 3 3 1 4 : 269.000000
2 3 3 2 1 : 173.000000
2 3 3 2 2 : 237.000000
2 3 3 2 3 : 317.000000
2 3 3 2 4 : 305.000000
2 3 3 2 5 : 34.000000
2 3 3 3 1 : 341.000000
2 3 3 3 2 : 281.000000
2 3 3 3 3 : 342.000000
2 3 3 3 4 : 171.000000
2 3 3 3 5 : 35.000000
2 3 4 1 1 : 243.000000
2 3 4 1 2 : 61.000000
2 3 4 1 4 : 33.000000
2 3 4 3 1 : 75.000000
2 3 4 3 2 : 47.000000
2 3 4 3 3 : 123.000000
2 3 4 3 4 : 46.000000
2 4 1 1 1 : 269.000000
2 4 1 1 2 : 202.000000
2 4 1 1 3 : 274.000000
2 4 1 1 4 : 278.000000
2 4 1 1 5 : 5.000000
2 4 1 2 1 : 72.000000
2 4 1 2 2 : 113.000000
2 4 1 2 3 : 136.000000
2 4 1 2 4 : 158.000000
2 4 1 2 5 : 108.000000
2 4 1 3 1 : 194.000000
2 4 1 3 2 : 235.000000
2 4 1 3 3 : 183.000000
2 4 1 3 4 : 20.000000
2 4 1 4 1 : 218.000000
2 4 1 4 2 : 195.000000
2 4 1 4 3 : 216.000000
2 4 1 4 4 : 204.000000
2 4 1 4 5 : 90.000000
2 4 2 1 1 : 373.000000
2 4 2 1 2 : 106.000000
2 4 2 1 4 : 13.000000
2 4 2 2 1 : 123.000000
2 4 2 2 2 : 324.000000
2 4 2 2 3 : 99.000000
2 4 2 2 4 : 178.000000
2 4 2 2 5 : 40.000000
2 4 2 3 1 : 164.000000
2 4 2 3 2 : 186.000000
2 4 2 3 3 : 212.000000
2 4 2 4 1 : 264.000000
2 4 2 4 2 : 226.000000
2 4 2 4 3 : 263.000000
2 4 2 4 4 : 310.000000
2 4 2 4 5 : 39.000000
2 4 3 1 1 : 277.000000
2 4 3 1 2 : 100.000000
2 4 3 1 3 : 165.000000
2 4 3 1 4 : 289.000000
2 4 3 1 5 : 25.000000
2 4 3 2 1 : 128.000000
2 4 3 2 2 : 258.000000
2 4 3 2 3 : 175.000000
2 4 3 2 4 : 187.000000
2 4 3 2 5 : 23.000000
2 4 3 3 1 : 315.000000
2 4 3 3 2 : 482.000000
2 4 3 3 3 : 269.000000
2 4 3 4 1 : 46.000000
2 4 3 4 2 : 156.000000
2 4 3 4 3 : 44.000000
2 4 3 4 4 : 69.000000
2 4 3 4 5 : 18.000000
2 4 4 1 1 : 272.000000
2 4 4 1 2 : 122.000000
2 4 4 1 3 : 51.000000
2 4 4 1 4 : 272.000000
2 4 4 1 5 : 62.000000
2 4 4 2 1 : 153.000000
2 4 4 2 2 : 308.000000
2 4 4 2 4 : 269.000000
2 4 4 3 1 : 34.000000
2 4 4 3 2 : 288.000000
2 4 4 3 3 : 245.000000
2 4 4 3 4 : 265.000000
2 4 4 3 5 : 48.000000
2 4 4 4 1 : 302.000000
2 4 4 4 2 : 196.000000
2 4 4 4 3 : 235.000000
2 4 4 4 4 : 318.000000
2 4 4 4 5 : 39.000000
3 1 1 2 1 : 140.000000
3 1 1 2 2 : 87.000000
3 1 1 2 3 : 179.000000
3 1 1 2 4 : 126.000000
3 1 1 2 5 : 103.000000
3 1 1 3 1 : 238.000000
3 1 1 3 2 : 109.000000
3 1 1 3 3 : 95.000000
3 1 1 3 4 : 205.000000
3 1 2 1 1 : 230.000000
3 1 2 1 2 : 179.000000
3 1 2 1 3 : 30.000000
3 1 2 1 4 : 142.000000
3 1 2 2 1 : 129.000000
3 1 2 2 2 : 338.000000
3 1 2 2 3 : 220.000000
3 1 2 2 4 : 125.000000
3 1 2 2 5 : 43.000000
3 1 2 3 1 : 218.000000
3 1 2 3 2 : 81.000000
3 1 2 3 3 : 254.000000
3 1 2 3 4 : 51.000000
3 1 2 3 5 : 29.000000
3 1 2 4 1 : 226.000000
3 1 2 4 2 : 166.000000
3 1 2 4 3 : 131.000000
3 1 2 4 4 : 199.000000
3 1 3 1 1 : 218.000000
3 1 3 1 2 : 156.000000
3 1 3 1 3 : 212.000000
3 1 3 1 4 : 221.000000
3 1 3 1 5 : 92.000000
3 1 3 2 1 : 179.000000
3 1 3 2 2 : 315.000000
3 1 3 2 3 : 286.000000
3 1 3 2 4 : 87.000000
3 1 3 2 5 : 12.000000
3 1 3 3 1 : 240.000000
3 1 3 3 2 : 220.000000
3 1 3 3 3 : 315.000000
3 1 3 3 4 : 75.000000
3 1 3 3 5 : 28.000000
3 1 4 1 1 : 183.000000
3 1 4 1 2 : 84.000000
3 1 4 1 3 : 213.000000
3 1 4 1 4 : 312.000000
3 1 4 1 5 : 65.000000
3 1 4 2 2 : 192.000000
3 1 4 2 3 : 254.000000
3 1 4 2 4 : 298.000000
3 1 4 2 5 : 54.000000
3 1 4 3 1 : 247.000000
3 1 4 3 2 : 203.000000
3 1 4 3 3 : 491.000000
3 1 4 3 4 : 148.000000
3 1 4 3 5 : 30.000000
3 1 4 4 1 : 306.000000
3 1 4 4 2 : 222.000000
3 1 4 4 3 : 335.000000
3 1 4 4 4 : 369.000000
3 1 4 4 5 : 45.000000
3 2 1 1 1 : 185.000000
3 2 1 1 2 : 132.000000
3 2 1 1 3 : 244.000000
3 2 1 1 4 : 70.000000
3 2 1 1 5 : 16.000000
3 2 1 2 1 : 93.000000
3 2 1 2 2 : 199.000000
3 2 1 2 3 : 29.000000
3 2 1 2 4 : 95.000000
3 2 1 2 5 : 2.000000
3 2 1 3 1 : 180.000000
3 2 1 3 2 : 169.000000
3 2 1 3 3 : 94.000000
3 2 1 3 4 : 72.000000
3 2 1 4 1 : 98.000000
3 2 1 4 2 : 130.000000
3 2 1 4 3 : 149.000000
3 2 1 4 4 : 98.000000
3 2 1 4 5 : 50.000000
3 2 2 1 1 : 102.000000
3 2 2 1 2 : 158.000000
3 2 2 1 4 : 110.000000
3 2 2 1 5 : 34.000000
3 2 2 2 1 : 242.000000
3 2 2 2 2 : 433.000000
3 2 2 2 3 : 324.000000
3 2 2 2 4 : 242.000000
3 2 2 2 5 : 41.000000
3 2 2 3 1 : 237.000000
3 2 2 3 2 : 312.000000
3 2 2 3 3 : 305.000000
3 2 2 3 4 : 99.000000
3 2 2 3 5 : 47.000000
3 2 2 4 1 : 162.000000
3 2 2 4 2 : 225.000000
3 2 2 4 3 : 171.000000
3 2 2 4 4 : 163.000000
3 2 3 1 1 : 197.000000
3 2 3 1 2 : 275.000000
3 2 3 1 3 : 126.000000
3 2 3 1 4 : 238.000000
3 2 3 1 5 : 39.000000
3 2 3 2 1 : 185.000000
3 2 3 2 2 : 344.000000
3 2 3 2 3 : 325.000000
3 2 3 2 4 : 281.000000
3 2 3 2 5 : 38.000000
3 2 3 3 1 : 302.000000
3 2 3 3 2 : 303.000000
3 2 3 3 3 : 454.000000
3 2 3 3 4 : 171.000000
3 2 3 3 5 : 38.000000
3 2 3 4 1 : 26.000000
3 2 3 4 2 : 45.000000
3 2 3 4 3 : 105.000000
3 2 3 4 4 : 115.000000
3 2 3 4 5 : 123.000000
3 2 4 1 1 : 132.000000
3 2 4 1 2 : 149.000000
3 2 4 1 3 : 185.000000
3 2 4 1 4 : 341.000000
3 2 4 1 5 : 140.000000
3 2 4 2 1 : 80.000000
3 2 4 2 2 : 191.000000
3 2 4 2 3 : 224.000000
3 2 4 2 4 : 260.000000
3 2 4 2 5 : 129.000000
3 2 4 3 1 : 202.000000
3 2 4 3 2 : 210.000000
3 2 4 3 3 : 397.000000
3 2 4 3 4 : 171.000000
3 2 4 3 5 : 33.000000
3 2 4 4 1 : 257.000000
3 2 4 4 2 : 241.000000
3 2 4 4 3 : 324.000000
3 2 4 4 4 : 326.000000
3 2 4 4 5 : 42.000000
3 3 1 1 1 : 253.000000
3 3 1 1 2 : 136.000000
3 3 1 1 3 : 127.000000
3 3 1 1 4 : 275.000000
3 3 1 1 5 : 29.000000
3 3 1 2 1 : 159.000000
3 3 1 2 2 : 263.000000
3 3 1 2 3 : 84.000000
3 3 1 2 4 : 270.000000
3 3 1 2 5 : 25.000000
3 3 1 3 1 : 205.000000
3 3 1 3 2 : 275.000000
3 3 1 3 3 : 316.000000
3 3 1 3 4 : 32.000000
3 3 1 3 5 : 51.000000
3 3 1 4 1 : 237.000000
3 3 1 4 2 : 220.000000
3 3 1 4 3 : 316.000000
3 3 1 4 4 : 346.000000
3 3 1 4 5 : 40.000000
3 3 2 1 1 : 112.000000
3 3 2 1 2 : 132.000000
3 3 2 1 3 : 78.000000
3 3 2 1 4 : 255.000000
3 3 2 1 5 : 85.000000
3 3 2 2 1 : 87.000000
3 3 2 2 2 : 289.000000
3 3 2 2 3 : 285.000000
3 3 2 2 4 : 99.000000
3 3 2 2 5 : 145.000000
3 3 2 3 1 : 271.000000
3 3 2 3 2 : 347.000000
3 3 2 3 3 : 408.000000
3 3 2 3 4 : 128.000000
3 3 2 3 5 : 57.000000
3 3 2 4 1 : 264.000000
3 3 2 4 2 : 247.000000
3 3 2 4 3 : 282.000000
3 3 2 4 4 : 332.000000
3 3 2 4 5 : 41.000000
3 3 3 1 1 : 308.000000
3 3 3 1 2 : 301.000000
3 3 3 1 3 : 330.000000
3 3 3 1 4 : 435.000000
3 3 3 1 5 : 50.000000
3 3 3 2 1 : 190.000000
3 3 3 2 2 : 260.000000
3 3 3 2 3 : 311.000000
3 3 3 2 4 : 372.000000
3 3 3 2 5 : 38.000000
3 3 3 3 1 : 339.000000
3 3 3 3 2 : 342.000000
3 3 3 3 3 : 326.000000
3 3 3 3 4 : 374.000000
3 3 3 3 5 : 42.000000
3 3 3 4 1 : 26.000000
3 3 3 4 2 : 25.000000
3 3 3 4 3 : 393.000000
3 3 3 4 4 : 227.000000
3 3 3 4 5 : 43.000000
3 3 4 1 1 : 74.000000
3 3 4 1 2 : 18.000000
3 3 4 1 3 : 106.000000
3 3 4 1 4 : 46.000000
3 3 4 1 5 : 45.000000
3 3 4 3 1 : 98.000000
3 3 4 3 2 : 121.000000
3 3 4 3 3 : 262.000000
3 3 4 3 4 : 99.000000
3 3 4 3 5 : 126.000000
3 3 4 4 2 : 40.000000
3 3 4 4 3 : 266.000000
3 3 4 4 4 : 324.000000
3 4 3 1 1 : 167.000000
3 4 3 1 2 : 26.000000
3 4 3 1 3 : 109.000000
3 4 3 1 5 : 46.000000
3 4 3 2 1 : 2.000000
3 4 3 2 2 : 132.000000
3 4 3 2 3 : 132.000000
3 4 3 2 4 : 145.000000
3 4 3 2 5 : 21.000000
3 4 3 3 1 : 173.000000
3 4 3 3 3 : 368.000000
3 4 3 3 4 : 147.000000
3 4 3 3 5 : 63.000000
3 4 3 4 1 : 88.000000
3 4 3 4 2 : 94.000000
3 4 3 4 3 : 251.000000
3 4 3 4 4 : 92.000000
3 4 3 4 5 : 82.000000
3 4 4 1 1 : 95.000000
3 4 4 1 2 : 88.000000
3 4 4 1 3 : 85.000000
3 4 4 1 5 : 106.000000
3 4 4 2 1 : 24.000000
3 4 4 2 2 : 178.000000
3 4 4 2 3 : 16.000000
3 4 4 2 4 : 68.000000
3 4 4 3 1 : 116.000000
3 4 4 3 2 : 175.000000
3 4 4 3 3 : 42.000000
3 4 4 3 4 : 192.000000
3 4 4 4 1 : 84.000000
3 4 4 4 2 : 65.000000
3 4 4 4 3 : 246.000000
3 4 4 4 4 : 167.000000
4 1 1 1 1 : 496.000000
4 1 1 1 2 : 331.000000
4 1 1 1 3 : 207.000000
4 1 1 1 4 : 365.000000
4 1 1 1 5 : 29.000000
4 1 1 3 1 : 78.000000
4 1 1 3 2 : 119.000000
4 1 1 3 3 : 185.000000
4 1 1 3 4 : 78.000000
4 1 1 4 1 : 229.000000
4 1 1 4 2 : 202.000000
4 1 1 4 3 : 182.000000
4 1 1 4 4 : 244.000000
4 1 1 4 5 : 31.000000
4 1 2 1 1 : 102.000000
4 1 2 1 2 : 157.000000
4 1 2 1 3 : 61.000000
4 1 2 1 4 : 101.000000
4 1 2 1 5 : 16.000000
4 1 2 2 1 : 116.000000
4 1 2 2 2 : 191.000000
4 1 2 2 3 : 145.000000
4 1 2 2 4 : 106.000000
4 1 2 2 5 : 22.000000
4 1 2 3 1 : 228.000000
4 1 2 3 2 : 45.000000
4 1 2 3 3 : 149.000000
4 1 2 3 4 : 75.000000
4 1 2 3 5 : 68.000000
4 1 2 4 1 : 202.000000
4 1 2 4 2 : 211.000000
4 1 2 4 3 : 86.000000
4 1 2 4 4 : 80.000000
4 1 2 4 5 : 15.000000
4 1 3 1 1 : 290.000000
4 1 3 1 2 : 243.000000
4 1 3 1 4 : 36.000000
4 1 3 1 5 : 14.000000
4 1 3 2 2 : 179.000000
4 1 3 2 3 : 119.000000
4 1 3 2 4 : 124.000000
4 1 3 2 5 : 157.000000
4 1 3 3 1 : 126.000000
4 1 3 3 2 : 170.000000
4 1 3 3 3 : 154.000000
4 1 3 3 4 : 65.000000
4 1 3 3 5 : 65.000000
4 1 4 1 1 : 333.000000
4 1 4 1 2 : 229.000000
4 1 4 1 3 : 245.000000
4 1 4 1 4 : 312.000000
4 1 4 1 5 : 21.000000
4 1 4 2 1 : 141.000000
4 1 4 2 2 : 113.000000
4 1 4 2 3 : 254.000000
4 1 4 2 4 : 177.000000
4 1 4 3 1 : 117.000000
4 1 4 3 2 : 230.000000
4 1 4 3 3 : 162.000000
4 1 4 3 4 : 147.000000
4 1 4 3 5 : 31.000000
4 1 4 4 1 : 472.000000
4 1 4 4 2 : 133.000000
4 1 4 4 3 : 290.000000
4 1 4 4 4 : 190.000000
4 1 4 4 5 : 10.000000
4 2 1 1 1 : 208.000000
4 2 1 1 2 : 103.000000
4 2 1 1 3 : 53.000000
4 2 1 1 4 : 103.000000
4 2 1 2 1 : 134.000000
4 2 1 2 2 : 9.000000
4 2 1 2 3 : 124.000000
4 2 1 2 4 : 159.000000
4 2 1 3 1 : 32.000000
4 2 1 3 2 : 112.000000
4 2 1 3 3 : 136.000000
4 2 1 3 4 : 21.000000
4 2 1 3 5 : 36.000000
4 2 1 4 1 : 152.000000
4 2 1 4 2 : 64.000000
4 2 1 4 3 : 7.000000
4 2 1 4 4 : 156.000000
4 2 1 4 5 : 54.000000
4 2 2 1 1 : 197.000000
4 2 2 1 2 : 88.000000
4 2 2 1 3 : 151.000000
4 2 2 1 4 : 37.000000
4 2 2 1 5 : 44.000000
4 2 2 2 1 : 82.000000
4 2 2 2 2 : 321.000000
4 2 2 2 3 : 102.000000
4 2 2 2 4 : 140.000000
4 2 2 2 5 : 59.000000
4 2 2 3 1 : 74.000000
4 2 2 3 2 : 146.000000
4 2 2 3 3 : 154.000000
4 2 2 3 5 : 113.000000
4 2 2 4 1 : 139.000000
4 2 2 4 2 : 194.000000
4 2 2 4 3 : 230.000000
4 2 2 4 5 : 45.000000
4 2 3 1 2 : 109.000000
4 2 3 1 3 : 64.000000
4 2 3 1 4 : 314.000000
4 2 3 1 5 : 15.000000
4 2 3 2 1 : 92.000000
4 2 3 2 2 : 217.000000
4 2 3 2 3 : 255.000000
4 2 3 2 4 : 119.000000
4 2 3 2 5 : 11.000000
4 2 3 3 1 : 33.000000
4 2 3 3 2 : 113.000000
4 2 3 3 3 : 275.000000
4 2 3 3 4 : 57.000000
4 2 3 3 5 : 123.000000
4 2 4 1 1 : 170.000000
4 2 4 1 2 : 155.000000
4 2 4 1 3 : 114.000000
4 2 4 1 4 : 196.000000
4 2 4 1 5 : 33.000000
4 2 4 2 1 : 110.000000
4 2 4 2 2 : 101.000000
4 2 4 2 3 : 322.000000
4 2 4 2 4 : 184.000000
4 2 4 3 1 : 121.000000
4 2 4 3 2 : 144.000000
4 2 4 3 3 : 164.000000
4 2 4 3 4 : 178.000000
4 2 4 4 1 : 193.000000
4 2 4 4 2 : 192.000000
4 2 4 4 3 : 195.000000
4 2 4 4 4 : 278.000000
4 3 1 1 1 : 237.000000
4 3 1 1 2 : 155.000000
4 3 1 1 3 : 165.000000
4 3 1 1 4 : 192.000000
4 3 1 2 1 : 4.000000
4 3 1 2 2 : 292.000000
4 3 1 2 3 : 141.000000
4 3 1 2 4 : 174.000000
4 3 1 2 5 : 21.000000
4 3 1 3 1 : 138.000000
4 3 1 3 2 : 146.000000
4 3 1 3 3 : 219.000000
4 3 1 3 4 : 71.000000
4 3 2 1 1 : 174.000000
4 3 2 1 2 : 85.000000
4 3 2 1 3 : 105.000000
4 3 2 1 4 : 104.000000
4 3 2 2 2 : 260.000000
4 3 2 2 3 : 232.000000
4 3 2 2 4 : 181.000000
4 3 2 2 5 : 33.000000
4 3 2 3 1 : 229.000000
4 3 2 3 2 : 309.000000
4 3 2 3 3 : 210.000000
4 3 2 3 4 : 50.000000
4 3 2 3 5 : 17.000000
4 3 2 4 1 : 245.000000
4 3 2 4 2 : 229.000000
4 3 2 4 3 : 262.000000
4 3 2 4 4 : 308.000000
4 3 2 4 5 : 38.000000
4 3 3 1 1 : 207.000000
4 3 3 1 2 : 206.000000
4 3 3 1 3 : 146.000000
4 3 3 1 4 : 222.000000
4 3 3 1 5 : 69.000000
4 3 3 2 1 : 151.000000
4 3 3 2 2 : 206.000000
4 3 3 2 3 : 263.000000
4 3 3 2 4 : 278.000000
4 3 3 2 5 : 30.000000
4 3 3 3 1 : 352.000000
4 3 3 3 2 : 289.000000
4 3 3 3 3 : 352.000000
4 3 3 3 4 : 177.000000
4 3 3 3 5 : 36.000000
4 3 3 4 1 : 285.000000
4 3 3 4 2 : 3.000000
4 3 3 4 3 : 152.000000
4 3 3 4 4 : 110.000000
4 3 4 1 1 : 9.000000
4 3 4 1 2 : 71.000000
4 3 4 1 3 : 100.000000
4 3 4 1 4 : 134.000000
4 3 4 2 1 : 8.000000
4 3 4 2 2 : 117.000000
4 3 4 2 3 : 110.000000
4 3 4 2 4 : 76.000000
4 3 4 2 5 : 21.000000
4 3 4 3 1 : 72.000000
4 3 4 3 2 : 135.000000
4 3 4 3 3 : 357.000000
4 3 4 3 4 : 231.000000
4 3 4 4 1 : 185.000000
4 3 4 4 2 : 46.000000
4 3 4 4 3 : 108.000000
4 3 4 4 4 : 239.000000
4 3 4 4 5 : 4.000000
4 4 1 1 1 : 354.000000
4 4 1 1 2 : 254.000000
4 4 1 1 3 : 135.000000
4 4 1 1 4 : 327.000000
4 4 1 1 5 : 22.000000
4 4 1 2 1 : 148.000000
4 4 1 2 2 : 141.000000
4 4 1 2 3 : 119.000000
4 4 1 2 4 : 173.000000
4 4 1 2 5 : 6.000000
4 4 1 3 1 : 47.000000
4 4 1 3 2 : 118.000000
4 4 1 3 3 : 131.000000
4 4 1 3 4 : 47.000000
4 4 1 3 5 : 59.000000
4 4 1 4 1 : 414.000000
4 4 1 4 2 : 249.000000
4 4 1 4 3 : 250.000000
4 4 1 4 4 : 398.000000
4 4 1 4 5 : 47.000000
4 4 2 1 1 : 93.000000
4 4 2 1 2 : 95.000000
4 4 2 1 3 : 113.000000
4 4 2 1 4 : 63.000000
4 4 2 2 1 : 81.000000
4 4 2 2 2 : 214.000000
4 4 2 2 3 : 48.000000
4 4 2 2 4 : 124.000000
4 4 2 2 5 : 7.000000
4 4 2 3 1 : 27.000000
4 4 2 3 2 : 157.000000
4 4 2 3 3 : 164.000000
4 4 2 3 4 : 47.000000
4 4 2 3 5 : 137.000000
4 4 2 4 1 : 190.000000
4 4 2 4 2 : 146.000000
4 4 2 4 3 : 73.000000
4 4 2 4 4 : 337.000000
4 4 2 4 5 : 101.000000
4 4 3 1 1 : 319.000000
4 4 3 1 3 : 420.000000
4 4 3 1 4 : 462.000000
4 4 3 2 1 : 192.000000
4 4 3 2 2 : 190.000000
4 4 3 2 3 : 408.000000
4 4 3 2 4 : 388.000000
4 4 3 2 5 : 36.000000
4 4 3 3 1 : 143.000000
4 4 3 3 2 : 70.000000
4 4 3 3 3 : 132.000000
4 4 3 3 4 : 86.000000
4 4 3 4 1 : 164.000000
4 4 3 4 2 : 77.000000
4 4 3 4 3 : 181.000000
4 4 3 4 4 : 134.000000
4 4 3 4 5 : 96.000000
4 4 4 1 1 : 402.000000
4 4 4 1 2 : 216.000000
4 4 4 1 3 : 296.000000
4 4 4 1 4 : 352.000000
4 4 4 1 5 : 41.000000
4 4 4 2 2 : 271.000000
4 4 4 2 3 : 263.000000
4 4 4 2 4 : 219.000000
4 4 4 3 1 : 199.000000
4 4 4 3 2 : 238.000000
4 4 4 3 3 : 178.000000
4 4 4 3 4 : 284.000000
4 4 4 4 1 : 326.000000
4 4 4 4 2 : 192.000000
4 4 4 4 3 : 288.000000
4 4 4 4 4 : 223.000000
4 4 4 4 5 : 38.000000
1 1 1 1 1 1 : 640.000000
1 1 1 1 1 2 : 99.000000
1 1 1 1 1 3 : 169.000000
1 1 1 1 1 4 : 83.000000
1 1 1 1 2 1 : 189.000000
1 1 1 1 2 3 : 18.000000
1 1 1 1 2 4 : 152.000000
1 1 1 1 2 5 : 192.000000
1 1 1 1 3 1 : 131.000000
1 1 1 1 3 3 : 7.000000
1 1 1 1 3 4 : 86.000000
1 1 1 1 3 5 : 79.000000
1 1 1 1 4 1 : 272.000000
1 1 1 1 4 2 : 86.000000
1 1 1 1 4 4 : 102.000000
1 1 1 2 1 1 : 195.000000
1 1 1 2 1 2 : 186.000000
1 1 1 2 1 3 : 28.000000
1 1 1 2 1 4 : 46.000000
1 1 1 2 1 5 : 45.000000
1 1 1 2 2 1 : 112.000000
1 1 1 2 2 2 : 158.000000
1 1 1 2 2 3 : 110.000000
1 1 1 2 2 4 : 77.000000
1 1 1 2 4 1 : 19.000000
1 1 1 2 4 2 : 167.000000
1 1 1 2 4 3 : 140.000000
1 1 1 2 4 4 : 25.000000
1 1 1 3 1 1 : 113.000000
1 1 1 3 1 2 : 16.000000
1 1 1 3 1 3 : 86.000000
1 1 1 3 1 4 : 36.000000
1 1 1 4 1 1 : 161.000000
1 1 1 4 1 2 : 141.000000
1 1 1 4 1 4 : 86.000000
1 1 1 4 1 5 : 35.000000
1 1 1 4 4 1 : 80.000000
1 1 1 4 4 2 : 55.000000
1 1 1 4 4 3 : 59.000000
1 1 1 4 4 4 : 101.000000
1 1 1 4 4 5 : 30.000000
1 1 2 1 1 1 : 48.000000
1 1 2 1 1 2 : 127.000000
1 1 2 1 1 3 : 43.000000
1 1 2 1 1 4 : 159.000000
1 1 2 1 3 2 : 141.000000
1 1 2 1 3 3 : 90.000000
1 2 1 1 1 1 : 198.000000
1 2 1 1 1 2 : 78.000000
1 2 1 1 1 3 : 49.000000
1 2 1 1 1 4 : 42.000000
1 2 1 1 1 5 : 28.000000
1 2 2 2 2 1 : 78.000000
1 2 2 2 2 2 : 129.000000
1 2 2 2 2 3 : 89.000000
1 2 2 2 2 4 : 131.000000
1 2 2 2 2 5 : 7.000000
1 2 2 2 3 1 : 99.000000
1 2 2 2 3 2 : 5.000000
1 2 2 2 3 3 : 111.000000
1 2 2 2 3 4 : 106.000000
1 2 2 2 3 5 : 22.000000
1 2 2 2 4 1 : 73.000000
1 2 2 2 4 2 : 49.000000
1 2 2 2 4 3 : 52.000000
1 2 2 2 4 4 : 166.000000
1 4 1 1 4 1 : 39.000000
1 4 1 1 4 2 : 68.000000
1 4 1 1 4 4 : 63.000000
1 4 1 1 4 5 : 79.000000
1 4 1 4 1 1 : 60.000000
1 4 1 4 1 2 : 28.000000
1 4 1 4 1 3 : 19.000000
1 4 1 4 1 4 : 179.000000
1 4 1 4 1 5 : 9.000000
1 4 1 4 4 2 : 111.000000
1 4 1 4 4 3 : 113.000000
1 4 4 4 1 1 : 51.000000
1 4 4 4 1 2 : 37.000000
1 4 4 4 1 3 : 78.000000
1 4 4 4 1 4 : 102.000000
1 4 4 4 1 5 : 32.000000
1 4 4 4 4 1 : 150.000000
1 4 4 4 4 2 : 33.000000
1 4 4 4 4 3 : 40.000000
1 4 4 4 4 4 : 92.000000
2 1 1 1 1 1 : 83.000000
2 1 1 1 1 2 : 142.000000
2 1 1 1 1 3 : 137.000000
2 1 1 1 1 4 : 89.000000
2 1 1 1 1 5 : 7.000000
2 1 1 1 2 1 : 129.000000
2 1 1 1 2 2 : 85.000000
2 1 1 1 2 3 : 15.000000
2 1 1 1 2 4 : 78.000000
2 1 1 1 2 5 : 12.000000
2 1 1 2 1 1 : 28.000000
2 1 1 2 1 2 : 69.000000
2 1 1 2 1 3 : 97.000000
2 1 1 2 1 4 : 74.000000
2 2 2 2 1 1 : 188.000000
2 2 2 2 1 2 : 105.000000
2 2 2 2 1 3 : 102.000000
2 2 2 2 1 4 : 56.000000
2 2 2 2 2 1 : 122.000000
2 2 2 2 2 2 : 328.000000
2 2 2 2 2 3 : 143.000000
2 2 2 2 2 4 : 91.000000
2 2 2 2 2 5 : 39.000000
2 2 2 2 3 1 : 89.000000
2 2 2 2 3 2 : 171.000000
2 2 2 2 3 3 : 64.000000
2 2 2 2 3 4 : 33.000000
2 2 2 3 1 1 : 236.000000
2 2 2 3 1 2 : 42.000000
2 2 2 3 1 3 : 62.000000
2 2 2 3 1 4 : 22.000000
2 2 2 3 3 1 : 167.000000
2 2 2 3 3 2 : 90.000000
2 2 2 3 3 3 : 26.000000
2 2 2 3 3 4 : 51.000000
2 2 2 4 2 1 : 88.000000
2 2 2 4 2 2 : 86.000000
2 2 2 4 2 3 : 47.000000
2 2 2 4 2 5 : 53.000000
2 2 3 3 2 1 : 60.000000
2 2 3 3 2 3 : 32.000000
2 2 3 3 2 4 : 189.000000
2 2 3 3 3 1 : 26.000000
2 2 3 3 3 2 : 110.000000
2 2 3 3 3 3 : 119.000000
2 2 3 3 3 4 : 103.000000
2 2 3 3 3 5 : 10.000000
2 3 2 2 2 3 : 317.000000
2 3 2 2 2 4 : 80.000000
2 3 3 2 2 1 : 11.000000
2 3 3 2 2 2 : 64.000000
2 3 3 2 2 3 : 71.000000
2 3 3 2 2 4 : 90.000000
2 3 3 3 3 1 : 38.000000
2 3 3 3 3 2 : 105.000000
2 3 3 3 3 3 : 189.000000
2 3 3 3 3 5 : 9.000000
2 4 2 4 1 1 : 37.000000
2 4 2 4 1 2 : 32.000000
2 4 2 4 1 3 : 65.000000
2 4 2 4 1 4 : 58.000000
2 4 2 4 1 5 : 71.000000
2 4 2 4 2 1 : 2.000000
2 4 2 4 2 2 : 34.000000
2 4 2 4 2 4 : 169.000000
2 4 2 4 2 5 : 21.000000
2 4 2 4 3 1 : 85.000000
2 4 2 4 3 2 : 34.000000
2 4 2 4 3 3 : 143.000000
2 4 2 4 4 1 : 244.000000
2 4 2 4 4 4 : 34.000000
2 4 2 4 4 5 : 31.000000
2 4 4 4 1 1 : 152.000000
2 4 4 4 1 2 : 21.000000
2 4 4 4 1 3 : 37.000000
2 4 4 4 1 4 : 90.000000
2 4 4 4 4 1 : 84.000000
2 4 4 4 4 2 : 17.000000
2 4 4 4 4 3 : 34.000000
2 4 4 4 4 4 : 176.000000
2 4 4 4 4 5 : 5.000000
3 1 4 4 3 1 : 48.000000
3 1 4 4 3 2 : 83.000000
3 1 4 4 3 3 : 132.000000
3 1 4 4 3 4 : 58.000000
3 1 4 4 3 5 : 13.000000
3 2 2 2 2 1 : 123.000000
3 2 2 2 2 2 : 106.000000
3 2 2 2 2 4 : 99.000000
3 2 2 2 2 5 : 103.000000
3 2 2 2 3 1 : 127.000000
3 2 2 2 3 3 : 197.000000
3 2 2 3 3 1 : 25.000000
3 2 2 3 3 2 : 151.000000
3 2 2 3 3 3 : 128.000000
3 2 3 2 4 1 : 19.000000
3 2 3 2 4 2 : 129.000000
3 2 3 2 4 3 : 132.000000
3 2 3 3 2 1 : 42.000000
3 2 3 3 2 2 : 86.000000
3 2 3 3 2 3 : 89.000000
3 2 3 3 2 4 : 79.000000
3 2 3 3 2 5 : 5.000000
3 2 3 3 3 1 : 128.000000
3 2 3 3 3 2 : 134.000000
3 2 3 3 3 3 : 151.000000
3 2 3 3 3 4 : 25.000000
3 2 3 3 3 5 : 13.000000
3 2 4 4 3 1 : 147.000000
3 2 4 4 3 2 : 110.000000
3 2 4 4 3 3 : 49.000000
3 2 4 4 3 4 : 10.000000
3 2 4 4 3 5 : 6.000000
3 2 4 4 4 1 : 24.000000
3 2 4 4 4 2 : 104.000000
3 2 4 4 4 3 : 87.000000
3 2 4 4 4 4 : 45.000000
3 2 4 4 4 5 : 63.000000
3 3 1 4 3 1 : 123.000000
3 3 1 4 3 2 : 48.000000
3 3 1 4 3 3 : 95.000000
3 3 1 4 3 4 : 47.000000
3 3 1 4 4 1 : 75.000000
3 3 1 4 4 2 : 42.000000
3 3 1 4 4 3 : 130.000000
3 3 1 4 4 4 : 72.000000
3 3 1 4 4 5 : 25.000000
3 3 2 3 2 1 : 13.000000
3 3 2 3 2 2 : 40.000000
3 3 2 3 2 3 : 126.000000
3 3 2 3 2 4 : 61.000000
3 3 2 3 2 5 : 104.000000
3 3 2 3 3 1 : 91.000000
3 3 2 3 3 2 : 99.000000
3 3 2 3 3 3 : 103.000000
3 3 2 3 3 4 : 26.000000
3 3 2 3 3 5 : 87.000000
3 3 2 4 4 1 : 42.000000
3 3 2 4 4 2 : 33.000000
3 3 2 4 4 3 : 69.000000
3 3 2 4 4 4 : 114.000000
3 3 2 4 4 5 : 72.000000
3 3 3 1 4 1 : 27.000000
3 3 3 1 4 3 : 158.000000
3 3 3 1 4 4 : 248.000000
3 3 3 2 3 3 : 230.000000
3 3 3 2 3 4 : 23.000000
3 3 3 2 3 5 : 58.000000
3 3 3 2 4 1 : 42.000000
3 3 3 2 4 2 : 25.000000
3 3 3 2 4 3 : 69.000000
3 3 3 2 4 4 : 115.000000
3 3 3 2 4 5 : 118.000000
3 3 3 3 1 1 : 79.000000
3 3 3 3 1 2 : 36.000000
3 3 3 3 1 3 : 138.000000
3 3 3 3 1 4 : 85.000000
3 3 3 3 3 1 : 11.000000
3 3 3 3 3 2 : 81.000000
3 3 3 3 3 3 : 99.000000
3 3 3 3 3 4 : 54.000000
3 3 3 3 3 5 : 79.000000
3 3 3 3 4 1 : 105.000000
3 3 3 3 4 2 : 31.000000
3 3 3 3 4 3 : 57.000000
3 3 3 3 4 4 : 178.000000
3 3 3 3 4 5 : 2.000000
4 1 1 1 1 1 : 38.000000
4 1 1 1 1 2 : 135.000000
4 1 1 1 1 3 : 104.000000
4 1 1 1 1 4 : 157.000000
4 1 1 1 1 5 : 61.000000
4 1 1 1 2 1 : 92.000000
4 1 1 1 2 2 : 60.000000
4 1 1 1 2 4 : 103.000000
4 1 1 1 2 5 : 75.000000
4 1 1 1 4 1 : 143.000000
4 1 1 1 4 2 : 76.000000
4 1 1 1 4 4 : 79.000000
4 1 1 1 4 5 : 66.000000
4 1 1 4 4 1 : 111.000000
4 1 1 4 4 2 : 47.000000
4 1 1 4 4 4 : 85.000000
4 3 2 4 4 2 : 111.000000
4 3 2 4 4 4 : 168.000000
4 3 2 4 4 5 : 28.000000
4 3 3 2 3 1 : 43.000000
4 3 3 2 3 2 : 65.000000
4 3 3 2 3 3 : 80.000000
4 3 3 2 3 4 : 73.000000
4 3 3 2 4 3 : 183.000000
4 3 3 2 4 4 : 95.000000
4 3 3 3 3 1 : 32.000000
4 3 3 3 3 2 : 58.000000
4 3 3 3 3 3 : 140.000000
4 3 3 3 3 4 : 95.000000
4 3 3 3 3 5 : 24.000000
4 4 1 1 1 1 : 116.000000
4 4 1 1 1 2 : 55.000000
4 4 1 1 1 3 : 60.000000
4 4 1 1 1 4 : 103.000000
4 4 1 1 1 5 : 18.000000
4 4 1 1 4 1 : 199.000000
4 4 1 1 4 3 : 38.000000
4 4 1 1 4 4 : 35.000000
4 4 1 1 4 5 : 52.000000
4 4 1 4 4 1 : 81.000000
4 4 1 4 4 3 : 98.000000
4 4 1 4 4 4 : 171.000000
4 4 1 4 4 5 : 46.000000
4 4 4 1 3 1 : 42.000000
4 4 4 1 3 4 : 254.000000
4 4 4 1 4 1 : 110.000000
4 4 4 1 4 2 : 107.000000
4 4 4 1 4 3 : 31.000000
4 4 4 1 4 4 : 82.000000
4 4 4 1 4 5 : 19.000000
4 4 4 4 1 1 : 155.000000
4 4 4 4 1 3 : 89.000000
4 4 4 4 1 4 : 55.000000
4 4 4 4 1 5 : 26.000000
4 4 4 4 3 1 : 46.000000
4 4 4 4 3 2 : 180.000000
4 4 4 4 3 3 : 60.000000
4 4 4 4 4 3 : 143.000000
4 4 4 4 4 4 : 79.000000
